 #Critical (T K,P Bar):    210.81675279595714        58.289402878868984     
 #Phase envelope and properties: 
 #T (K)	P (bar)	v (m3/mol)	h (J/mol)	s (J/mol/K)	u (J/mol)
  1.5133783811E+002  1.0000000000E+000  1.2372509886E-002  4.9953457955E+003  1.4751133154E+002  3.7580948069E+003
  1.5193442810E+002  1.0512710964E+000  1.1807259194E-002  5.0128979231E+003  1.4721845376E+002  3.7716348913E+003
  1.5265724889E+002  1.1162780705E+000  1.1162800813E-002  5.0340397088E+003  1.4686730357E+002  3.7879607336E+003
  1.5353473135E+002  1.1996141939E+000  1.0435497481E-002  5.0595163592E+003  1.4644632921E+002  3.8076592693E+003
  1.5460250011E+002  1.3078701835E+000  9.6246819623E-003  5.0902272882E+003  1.4594168679E+002  3.8314438318E+003
  1.5590555478E+002  1.4507490366E+000  8.7339248392E-003  5.1272526199E+003  1.4533676449E+002  3.8601793153E+003
  1.5750127084E+002  1.6429542611E+000  7.7723904817E-003  5.1718760244E+003  1.4461157740E+002  3.8949078184E+003
  1.5946359729E+002  1.9075032729E+000  6.7560752598E-003  5.2255911471E+003  1.4374196334E+002  3.9368675801E+003
  1.6188901083E+002  2.2817763489E+000  5.7085966728E-003  5.2900598971E+003  1.4269843592E+002  3.9874858097E+003
  1.6490506856E+002  2.8290616607E+000  4.6610840166E-003  5.3669451871E+003  1.4144438376E+002  4.0482957783E+003
  1.6856309985E+002  3.6325870777E+000  3.6784738206E-003  5.4546659887E+003  1.3997985383E+002  4.1184283421E+003
  1.7238983566E+002  4.6643341360E+000  2.8987955380E-003  5.5389478549E+003  1.3850270755E+002  4.1868527568E+003
  1.7639074648E+002  5.9891235826E+000  2.2799338462E-003  5.6174790910E+003  1.3700468981E+002  4.2519985345E+003
  1.8056893322E+002  7.6901869037E+000  1.7885322736E-003  5.6870794222E+003  1.3547451861E+002  4.3116646754E+003
  1.8492359451E+002  9.8743954435E+000  1.3981516311E-003  5.7433229329E+003  1.3389651283E+002  4.3627327234E+003
  1.8944754982E+002  1.2678974724E+001  1.0878104600E-003  5.7799341829E+003  1.3224833148E+002  4.4007020502E+003
  1.9412302572E+002  1.6280125803E+001  8.4082202061E-004  5.7877565279E+003  1.3049699034E+002  4.4188877005E+003
  1.9891391885E+002  2.0904095318E+001  6.4385362484E-004  5.7528287236E+003  1.2859119068E+002  4.4069109692E+003
  2.0374985457E+002  2.6841389701E+001  4.8612925017E-004  5.6523285970E+003  1.2644460087E+002  4.3474901321E+003
  2.0848672314E+002  3.4465026595E+001  3.5863498975E-004  5.4442589615E+003  1.2389195388E+002  4.2082225155E+003
  2.1277073312E+002  4.4253970135E+001  2.5277947213E-004  5.0310539494E+003  1.2052919201E+002  3.9124044283E+003
  2.1461957470E+002  5.1200445207E+001  1.9601298684E-004  4.5757337613E+003  1.1767313815E+002  3.5721385421E+003
  2.1497150631E+002  5.5710934143E+001  1.6064019701E-004  4.1042917136E+003  1.1510452653E+002  3.2093501700E+003
  2.1430526902E+002  5.8167722667E+001  1.3657023809E-004  3.6303575321E+003  1.1272626243E+002  2.8359595587E+003
  2.1289818281E+002  5.8938863980E+001  1.1913611970E-004  3.1596935808E+003  1.1047638648E+002  2.4575188253E+003
  2.1197163439E+002  5.8793986191E+001  1.1210139682E-004  2.9263503956E+003  1.0938581984E+002  2.2672615980E+003
  2.0974459936E+002  5.7619206718E+001  1.0043222500E-004  2.4642437803E+003  1.0725328200E+002  1.8855612670E+003
  2.0708566303E+002  5.5469062335E+001  9.1145802348E-005  2.0086057182E+003  1.0516577830E+002  1.5030284990E+003
  2.0405463838E+002  5.2562332977E+001  8.3586663416E-005  1.5598051144E+003  1.0310605374E+002  1.1204541109E+003
  2.0069880198E+002  4.9094758294E+001  7.7326751544E-005  1.1183599502E+003  1.0106259522E+002  7.3872613254E+002
  1.9705993629E+002  4.5243724745E+001  7.2073959086E-005  6.8500239227E+002  9.9028269832E+001  3.5891295565E+002
  1.9317807321E+002  4.1169493171E+001  6.7621030641E-005  2.6064249846E+002  9.6999286964E+001 -1.7749857462E+001
  1.8909316141E+002  3.7014228023E+001  6.3815750405E-005 -1.5370927890E+002  9.4974376353E+001 -3.8991835260E+002
  1.8484544539E+002  3.2900139076E+001  6.0542902026E-005 -5.5702766140E+002  9.2954123275E+001 -7.5621465107E+002
  1.8047508881E+002  2.8927789985E+001  5.7712995663E-005 -9.4834888869E+002  9.0940425954E+001 -1.1152998305E+003
  1.7602141310E+002  2.5175262032E+001  5.5255009586E-005 -1.3268299752E+003  8.8936052492E+001 -1.4659359097E+003
  1.7152201009E+002  2.1698483092E+001  5.3111579829E-005 -1.6917885051E+003  8.6944282333E+001 -1.8070325768E+003
  1.6701190262E+002  1.8532718824E+001  5.1235719137E-005 -2.0427239023E+003  8.4968621131E+001 -2.1376776200E+003
  1.6252285883E+002  1.5695005909E+001  4.9588513499E-005 -2.3793229078E+003  8.3012579863E+001 -2.4571521090E+003
  1.5808291295E+002  1.3187194926E+001  4.8137458035E-005 -2.7014527896E+003  8.1079509930E+001 -2.7649325938E+003
  1.5371610468E+002  1.0999248684E+001  4.6855221052E-005 -3.0091459282E+003  7.9172486300E+001 -3.0606831510E+003
  1.4944242176E+002  9.1124846738E+000  4.5718702204E-005 -3.3025790965E+003  7.7294231029E+001 -3.3442401938E+003
  1.4527791301E+002  7.5025284810E+000  4.4708298104E-005 -3.5820502025E+003  7.5447069767E+001 -3.6155927305E+003
  1.4123493199E+002  6.1418334509E+000  4.3807318394E-005 -3.8479546139E+003  7.3632914406E+001 -3.8748603393E+003
  1.3732247014E+002  5.0017027848E+000  4.3001513956E-005 -4.1007625605E+003  7.1853265713E+001 -4.1222706397E+003
  1.3354654211E+002  4.0538138575E+000  4.2278690880E-005 -4.3409985597E+003  7.0109230544E+001 -4.3581375540E+003
  1.2991059220E+002  3.2712878198E+000  4.1628391540E-005 -4.5692233738E+003  6.8401549149E+001 -4.5828412188E+003
  1.2641589767E+002  2.6293719163E+000  4.1041629200E-005 -4.7860186784E+003  6.6730628834E+001 -4.7968100491E+003
  1.2306195158E+002  2.1058111998E+000  4.0510665993E-005 -4.9919743981E+003  6.5096581088E+001 -5.0005051795E+003
  1.1984681408E+002  1.6809849409E+000  4.0028826457E-005 -5.1876785244E+003  6.3499259888E+001 -5.1944073099E+003
  1.1676742580E+002  1.3378751894E+000  3.9590340478E-005 -5.3737091526E+003  6.1938299549E+001 -5.3790058460E+003
  1.1381988083E+002  1.0619239453E+000  3.9190210705E-005 -5.5506284438E+003  6.0413150919E+001 -5.5547901462E+003
  1.1099965971E+002  8.4082360920E-001  3.8824100438E-005 -5.7189782174E+003  5.8923115113E+001 -5.7222426394E+003
