 #Meta stability initial point. P (Pa) = 
 #T (K)	lambda
  1.1979474001E+002  4.4789323566E-001
  1.1997512566E+002  4.4781562569E-001
  1.2015551131E+002  4.4773765938E-001
  1.2033589695E+002  4.4765933412E-001
  1.2051628260E+002  4.4758064730E-001
  1.2069666824E+002  4.4750159626E-001
  1.2087705389E+002  4.4742217831E-001
  1.2105743953E+002  4.4734239074E-001
  1.2123782518E+002  4.4726223083E-001
  1.2141821082E+002  4.4718169581E-001
  1.2159859647E+002  4.4710078288E-001
  1.2177898212E+002  4.4701948922E-001
  1.2195936776E+002  4.4693781198E-001
  1.2213975341E+002  4.4685574829E-001
  1.2232013905E+002  4.4677329523E-001
  1.2250052470E+002  4.4669044986E-001
  1.2268091034E+002  4.4660720921E-001
  1.2286129599E+002  4.4652357028E-001
  1.2304168164E+002  4.4643953004E-001
  1.2322206728E+002  4.4635508541E-001
  1.2340245293E+002  4.4627023330E-001
  1.2358283857E+002  4.4618497057E-001
  1.2376322422E+002  4.4609929406E-001
  1.2394360986E+002  4.4601320058E-001
  1.2412399551E+002  4.4592668688E-001
  1.2430438115E+002  4.4583974971E-001
  1.2448476680E+002  4.4575238574E-001
  1.2466515245E+002  4.4566459166E-001
  1.2484553809E+002  4.4557636407E-001
  1.2502592374E+002  4.4548769956E-001
  1.2520630938E+002  4.4539859469E-001
  1.2538669503E+002  4.4530904596E-001
  1.2556708067E+002  4.4521904985E-001
  1.2574746632E+002  4.4512860280E-001
  1.2592785197E+002  4.4503770119E-001
  1.2610823761E+002  4.4494634138E-001
  1.2628862326E+002  4.4485451968E-001
  1.2646900890E+002  4.4476223236E-001
  1.2664939455E+002  4.4466947566E-001
  1.2682978019E+002  4.4457624576E-001
  1.2701016584E+002  4.4448253881E-001
  1.2719055148E+002  4.4438835090E-001
  1.2737093713E+002  4.4429367808E-001
  1.2755132278E+002  4.4419851638E-001
  1.2773170842E+002  4.4410286176E-001
  1.2791209407E+002  4.4400671012E-001
  1.2809247971E+002  4.4391005735E-001
  1.2827286536E+002  4.4381289926E-001
  1.2845325100E+002  4.4371523163E-001
  1.2863363665E+002  4.4361705019E-001
  1.2881402230E+002  4.4351835060E-001
  1.2899440794E+002  4.4341912849E-001
  1.2917479359E+002  4.4331937944E-001
  1.2935517923E+002  4.4321909896E-001
  1.2953556488E+002  4.4311828251E-001
  1.2971595052E+002  4.4301692552E-001
  1.2989633617E+002  4.4291502333E-001
  1.3007672181E+002  4.4281257125E-001
  1.3025710746E+002  4.4270956453E-001
  1.3043749311E+002  4.4260599834E-001
  1.3061787875E+002  4.4250186781E-001
  1.3079826440E+002  4.4239716803E-001
  1.3097865004E+002  4.4229189398E-001
  1.3115903569E+002  4.4218604063E-001
  1.3133942133E+002  4.4207960285E-001
  1.3151980698E+002  4.4197257547E-001
  1.3170019263E+002  4.4186495325E-001
  1.3188057827E+002  4.4175673087E-001
  1.3206096392E+002  4.4164790297E-001
  1.3224134956E+002  4.4153846410E-001
  1.3242173521E+002  4.4142840875E-001
  1.3260212085E+002  4.4131773134E-001
  1.3278250650E+002  4.4120642621E-001
  1.3296289214E+002  4.4109448766E-001
  1.3314327779E+002  4.4098190988E-001
  1.3332366344E+002  4.4086868700E-001
  1.3350404908E+002  4.4075481307E-001
  1.3368443473E+002  4.4064028208E-001
  1.3386482037E+002  4.4052508792E-001
  1.3404520602E+002  4.4040922440E-001
  1.3422559166E+002  4.4029268529E-001
  1.3440597731E+002  4.4017546421E-001
  1.3458636296E+002  4.4005755476E-001
  1.3476674860E+002  4.3993895042E-001
  1.3494713425E+002  4.3981964459E-001
  1.3512751989E+002  4.3969963058E-001
  1.3530790554E+002  4.3957890162E-001
  1.3548829118E+002  4.3945745084E-001
  1.3566867683E+002  4.3933527129E-001
  1.3584906248E+002  4.3921235591E-001
  1.3602944812E+002  4.3908869755E-001
  1.3620983377E+002  4.3896428896E-001
  1.3639021941E+002  4.3883912280E-001
  1.3657060506E+002  4.3871319162E-001
  1.3675099070E+002  4.3858648788E-001
  1.3693137635E+002  4.3845900392E-001
  1.3711176199E+002  4.3833073197E-001
  1.3729214764E+002  4.3820166417E-001
  1.3747253329E+002  4.3807179255E-001
  1.3765291893E+002  4.3794110900E-001
  1.3783330458E+002  4.3780960532E-001
  1.3801369022E+002  4.3767727319E-001
  1.3819407587E+002  4.3754410417E-001
  1.3837446151E+002  4.3741008970E-001
  1.3855484716E+002  4.3727522109E-001
  1.3873523281E+002  4.3713948953E-001
  1.3891561845E+002  4.3700288608E-001
  1.3909600410E+002  4.3686540167E-001
  1.3927638974E+002  4.3672702711E-001
  1.3945677539E+002  4.3658775306E-001
  1.3963716103E+002  4.3644757005E-001
  1.3981754668E+002  4.3630646845E-001
  1.3999793232E+002  4.3616443853E-001
  1.4017831797E+002  4.3602147036E-001
  1.4035870362E+002  4.3587755391E-001
  1.4053908926E+002  4.3573267897E-001
  1.4071947491E+002  4.3558683519E-001
  1.4089986055E+002  4.3544001205E-001
  1.4108024620E+002  4.3529219888E-001
  1.4126063184E+002  4.3514338485E-001
  1.4144101749E+002  4.3499355894E-001
  1.4162140314E+002  4.3484270999E-001
  1.4180178878E+002  4.3469082665E-001
  1.4198217443E+002  4.3453789739E-001
  1.4216256007E+002  4.3438391052E-001
  1.4234294572E+002  4.3422885413E-001
  1.4252333136E+002  4.3407271616E-001
  1.4270371701E+002  4.3391548433E-001
  1.4288410265E+002  4.3375714619E-001
  1.4306448830E+002  4.3359768907E-001
  1.4324487395E+002  4.3343710010E-001
  1.4342525959E+002  4.3327536620E-001
  1.4360564524E+002  4.3311247410E-001
  1.4378603088E+002  4.3294841028E-001
  1.4396641653E+002  4.3278316101E-001
  1.4414680217E+002  4.3261671235E-001
  1.4432718782E+002  4.3244905011E-001
  1.4450757347E+002  4.3228015988E-001
  1.4468795911E+002  4.3211002699E-001
  1.4486834476E+002  4.3193863653E-001
  1.4504873040E+002  4.3176597335E-001
  1.4522911605E+002  4.3159202204E-001
  1.4540950169E+002  4.3141676692E-001
  1.4558988734E+002  4.3124019204E-001
  1.4577027298E+002  4.3106228117E-001
  1.4595065863E+002  4.3088301783E-001
  1.4613104428E+002  4.3070238523E-001
  1.4631142992E+002  4.3052036628E-001
  1.4649181557E+002  4.3033694360E-001
  1.4667220121E+002  4.3015209951E-001
  1.4685258686E+002  4.2996581601E-001
  1.4703297250E+002  4.2977807478E-001
  1.4721335815E+002  4.2958885717E-001
  1.4739374380E+002  4.2939814419E-001
  1.4757412944E+002  4.2920591651E-001
  1.4775451509E+002  4.2901215447E-001
  1.4793490073E+002  4.2881683801E-001
  1.4811528638E+002  4.2861994674E-001
  1.4829567202E+002  4.2842145986E-001
  1.4847605767E+002  4.2822135621E-001
  1.4865644331E+002  4.2801961422E-001
  1.4883682896E+002  4.2781621192E-001
  1.4901721461E+002  4.2761112693E-001
  1.4919760025E+002  4.2740433643E-001
  1.4937798590E+002  4.2719581718E-001
  1.4955837154E+002  4.2698554550E-001
  1.4973875719E+002  4.2677349722E-001
  1.4991914283E+002  4.2655964774E-001
  1.5009952848E+002  4.2634397196E-001
  1.5027991413E+002  4.2612644430E-001
  1.5046029977E+002  4.2590703865E-001
  1.5064068542E+002  4.2568572840E-001
  1.5082107106E+002  4.2546248643E-001
  1.5100145671E+002  4.2523728503E-001
  1.5118184235E+002  4.2501009597E-001
  1.5136222800E+002  4.2478089042E-001
  1.5154261365E+002  4.2454963899E-001
  1.5172299929E+002  4.2431631166E-001
  1.5190338494E+002  4.2408087780E-001
  1.5208377058E+002  4.2384330614E-001
  1.5226415623E+002  4.2360356477E-001
  1.5244454187E+002  4.2336162110E-001
  1.5262492752E+002  4.2311744184E-001
  1.5280531316E+002  4.2287099301E-001
  1.5298569881E+002  4.2262223990E-001
  1.5316608446E+002  4.2237114703E-001
  1.5334647010E+002  4.2211767817E-001
  1.5352685575E+002  4.2186179631E-001
  1.5370724139E+002  4.2160346361E-001
  1.5388762704E+002  4.2134264140E-001
  1.5406801268E+002  4.2107929014E-001
  1.5424839833E+002  4.2081336943E-001
  1.5442878398E+002  4.2054483794E-001
  1.5460916962E+002  4.2027365340E-001
  1.5478955527E+002  4.1999977260E-001
  1.5496994091E+002  4.1972315132E-001
  1.5515032656E+002  4.1944374432E-001
  1.5533071220E+002  4.1916150532E-001
  1.5551109785E+002  4.1887638693E-001
  1.5569148349E+002  4.1858834066E-001
  1.5587186914E+002  4.1829731688E-001
  1.5605225479E+002  4.1800326477E-001
  1.5623264043E+002  4.1770613226E-001
  1.5641302608E+002  4.1740586605E-001
  1.5659341172E+002  4.1710241153E-001
  1.5677379737E+002  4.1679571275E-001
  1.5695418301E+002  4.1648571236E-001
  1.5713456866E+002  4.1617235161E-001
  1.5731495431E+002  4.1585557026E-001
  1.5749533995E+002  4.1553530655E-001
  1.5767572560E+002  4.1521149713E-001
  1.5785611124E+002  4.1488407707E-001
  1.5803649689E+002  4.1455297971E-001
  1.5821688253E+002  4.1421813670E-001
  1.5839726818E+002  4.1387947786E-001
  1.5857765382E+002  4.1353693120E-001
  1.5875803947E+002  4.1319042277E-001
  1.5893842512E+002  4.1283987666E-001
  1.5911881076E+002  4.1248521491E-001
  1.5929919641E+002  4.1212635742E-001
  1.5947958205E+002  4.1176322192E-001
  1.5965996770E+002  4.1139572384E-001
  1.5984035334E+002  4.1102377626E-001
  1.6002073899E+002  4.1064728981E-001
  1.6020112464E+002  4.1026617259E-001
  1.6038151028E+002  4.0988033009E-001
  1.6056189593E+002  4.0948966506E-001
  1.6074228157E+002  4.0909407744E-001
  1.6092266722E+002  4.0869346422E-001
  1.6110305286E+002  4.0828771936E-001
  1.6128343851E+002  4.0787673367E-001
  1.6146382415E+002  4.0746039467E-001
  1.6164420980E+002  4.0703858647E-001
  1.6182459545E+002  4.0661118965E-001
  1.6200498109E+002  4.0617808109E-001
  1.6218536674E+002  4.0573913387E-001
  1.6236575238E+002  4.0529421705E-001
  1.6254613803E+002  4.0484319558E-001
  1.6272652367E+002  4.0438593007E-001
  1.6290690932E+002  4.0392227664E-001
  1.6308729497E+002  4.0345208673E-001
  1.6326768061E+002  4.0297520690E-001
  1.6344806626E+002  4.0249147863E-001
  1.6362845190E+002  4.0200073808E-001
  1.6380883755E+002  4.0150281586E-001
  1.6398922319E+002  4.0099753683E-001
  1.6416960884E+002  4.0048471980E-001
  1.6434999448E+002  3.9996417725E-001
  1.6453038013E+002  3.9943571511E-001
  1.6471076578E+002  3.9889913237E-001
  1.6489115142E+002  3.9835422085E-001
  1.6507153707E+002  3.9780076480E-001
  1.6525192271E+002  3.9723854056E-001
  1.6543230836E+002  3.9666731621E-001
  1.6561269400E+002  3.9608685115E-001
  1.6579307965E+002  3.9549689568E-001
  1.6597346530E+002  3.9489719053E-001
  1.6615385094E+002  3.9428746645E-001
  1.6633423659E+002  3.9366744364E-001
  1.6651462223E+002  3.9303683124E-001
  1.6669500788E+002  3.9239532679E-001
  1.6687539352E+002  3.9174261556E-001
  1.6705577917E+002  3.9107836998E-001
  1.6723616482E+002  3.9040224890E-001
  1.6741655046E+002  3.8971389689E-001
  1.6759693611E+002  3.8901294346E-001
  1.6777732175E+002  3.8829900219E-001
  1.6795770740E+002  3.8757166991E-001
  1.6813809304E+002  3.8683052570E-001
  1.6831847869E+002  3.8607512987E-001
  1.6849886433E+002  3.8530502292E-001
  1.6867924998E+002  3.8451972433E-001
  1.6885963563E+002  3.8371873132E-001
  1.6904002127E+002  3.8290151752E-001
  1.6922040692E+002  3.8206753151E-001
  1.6940079256E+002  3.8121619527E-001
  1.6958117821E+002  3.8034690254E-001
  1.6976156385E+002  3.7945901696E-001
  1.6994194950E+002  3.7855187017E-001
  1.7012233515E+002  3.7762475969E-001
  1.7030272079E+002  3.7667694667E-001
  1.7048310644E+002  3.7570765340E-001
  1.7066349208E+002  3.7471606065E-001
  1.7084387773E+002  3.7370130482E-001
  1.7102426337E+002  3.7266247474E-001
  1.7120464902E+002  3.7159860828E-001
  1.7138503466E+002  3.7050868863E-001
  1.7156542031E+002  3.6939164022E-001
  1.7174580596E+002  3.6824632430E-001
  1.7192619160E+002  3.6707153409E-001
  1.7210657725E+002  3.6586598943E-001
  1.7228696289E+002  3.6462833100E-001
  1.7246734854E+002  3.6335711384E-001
  1.7264773418E+002  3.6205080038E-001
  1.7282811983E+002  3.6070775257E-001
  1.7300850548E+002  3.5932622334E-001
  1.7318889112E+002  3.5790434710E-001
  1.7336927677E+002  3.5644012914E-001
  1.7354966241E+002  3.5493143395E-001
  1.7373004806E+002  3.5337597220E-001
  1.7391043370E+002  3.5177128614E-001
  1.7409081935E+002  3.5011473338E-001
  1.7427120499E+002  3.4840346864E-001
  1.7445159064E+002  3.4663442329E-001
  1.7463197629E+002  3.4480428228E-001
  1.7481236193E+002  3.4290945810E-001
  1.7499274758E+002  3.4094606132E-001
  1.7517313322E+002  3.3890986709E-001
  1.7535351887E+002  3.3679627706E-001
  1.7553390451E+002  3.3460027575E-001
  1.7571429016E+002  3.3231638070E-001
  1.7589467581E+002  3.2993858498E-001
  1.7607506145E+002  3.2746029091E-001
  1.7625544710E+002  3.2487423320E-001
  1.7643583274E+002  3.2217238948E-001
  1.7661621839E+002  3.1934587582E-001
  1.7679660403E+002  3.1638482399E-001
  1.7697698968E+002  3.1327823662E-001
  1.7715737532E+002  3.1001381555E-001
  1.7733776097E+002  3.0657775704E-001
  1.7751814662E+002  3.0295450628E-001
  1.7769853226E+002  2.9912646096E-001
  1.7787891791E+002  2.9507361132E-001
  1.7805930355E+002  2.9077309952E-001
  1.7823968920E+002  2.8619867638E-001
  1.7842007484E+002  2.8132002580E-001
  1.7860046049E+002  2.7610191711E-001
  1.7878084614E+002  2.7050313092E-001
  1.7896123178E+002  2.6447508343E-001
  1.7914161743E+002  2.5796004361E-001
  1.7932200307E+002  2.5088879289E-001
  1.7950238872E+002  2.4317750882E-001
  1.7968277436E+002  2.3472354892E-001
  1.7986316001E+002  2.2539964472E-001
  1.8004354565E+002  2.1504574494E-001
  1.8022393130E+002  2.0345729338E-001
  1.8040431695E+002  1.9036794004E-001
  1.8058470259E+002  1.7542326496E-001
  1.8076508824E+002  1.5813941432E-001
  1.8094547388E+002  1.3783521058E-001
  1.8112585953E+002  1.1351496428E-001
  1.8130624517E+002  8.3653200008E-002
  1.8148663082E+002  4.5766710805E-002
  1.8166701647E+002 -4.5292961418E-003
  1.8184740211E+002 -7.5925213143E-002
  1.8202778776E+002 -1.8901697585E-001
  1.8220817340E+002 -4.1129023864E-001
  1.8238855905E+002 -1.2947593685E+000
  1.8256894469E+002  4.9947234869E-001
  1.8274933034E+002  4.9947361842E-001
  1.8292971598E+002  4.9947488386E-001
  1.8311010163E+002  4.9947614501E-001
  1.8329048728E+002  4.9947740191E-001
  1.8347087292E+002  4.9947865457E-001
  1.8365125857E+002  4.9947990301E-001
  1.8383164421E+002  4.9948114724E-001
  1.8401202986E+002  4.9948238729E-001
  1.8419241550E+002  4.9948362317E-001
  1.8437280115E+002  4.9948485491E-001
  1.8455318680E+002  4.9948608252E-001
  1.8473357244E+002  4.9948730601E-001
  1.8491395809E+002  4.9948852542E-001
  1.8509434373E+002  4.9948974074E-001
  1.8527472938E+002  4.9949095202E-001
  1.8545511502E+002  4.9949215925E-001
  1.8563550067E+002  4.9949336246E-001
  1.8581588632E+002  4.9949456167E-001
  1.8599627196E+002  4.9949575689E-001
  1.8617665761E+002  4.9949694814E-001
  1.8635704325E+002  4.9949813544E-001
  1.8653742890E+002  4.9949931880E-001
  1.8671781454E+002  4.9950049825E-001
  1.8689820019E+002  4.9950167380E-001
  1.8707858583E+002  4.9950284546E-001
  1.8725897148E+002  4.9950401326E-001
  1.8743935713E+002  4.9950517721E-001
  1.8761974277E+002  4.9950633732E-001
  1.8780012842E+002  4.9950749362E-001
  1.8798051406E+002  4.9950864612E-001
  1.8816089971E+002  4.9950979484E-001
  1.8834128535E+002  4.9951093978E-001
  1.8852167100E+002  4.9951208098E-001
  1.8870205665E+002  4.9951321844E-001
  1.8888244229E+002  4.9951435219E-001
  1.8906282794E+002  4.9951548223E-001
  1.8924321358E+002  4.9951660858E-001
  1.8942359923E+002  4.9951773126E-001
  1.8960398487E+002  4.9951885029E-001
  1.8978437052E+002  4.9951996568E-001
  1.8996475616E+002  4.9952107744E-001
  1.9014514181E+002  4.9952218559E-001
  1.9032552746E+002  4.9952329015E-001
  1.9050591310E+002  4.9952439113E-001
  1.9068629875E+002  4.9952548855E-001
  1.9086668439E+002  4.9952658242E-001
  1.9104707004E+002  4.9952767276E-001
  1.9122745568E+002  4.9952875958E-001
  1.9140784133E+002  4.9952984290E-001
  1.9158822698E+002  4.9953092273E-001
  1.9176861262E+002  4.9953199908E-001
  1.9194899827E+002  4.9953307198E-001
  1.9212938391E+002  4.9953414143E-001
  1.9230976956E+002  4.9953520745E-001
  1.9249015520E+002  4.9953627006E-001
  1.9267054085E+002  4.9953732927E-001
  1.9285092649E+002  4.9953838509E-001
  1.9303131214E+002  4.9953943753E-001
  1.9321169779E+002  4.9954048662E-001
  1.9339208343E+002  4.9954153237E-001
  1.9357246908E+002  4.9954257478E-001
  1.9375285472E+002  4.9954361388E-001
  1.9393324037E+002  4.9954464968E-001
  1.9411362601E+002  4.9954568218E-001
  1.9429401166E+002  4.9954671142E-001
  1.9447439731E+002  4.9954773739E-001
  1.9465478295E+002  4.9954876011E-001
  1.9483516860E+002  4.9954977960E-001
  1.9501555424E+002  4.9955079586E-001
  1.9519593989E+002  4.9955180892E-001
  1.9537632553E+002  4.9955281879E-001
  1.9555671118E+002  4.9955382547E-001
  1.9573709682E+002  4.9955482898E-001
  1.9591748247E+002  4.9955582934E-001
  1.9609786812E+002  4.9955682656E-001
  1.9627825376E+002  4.9955782065E-001
  1.9645863941E+002  4.9955881162E-001
  1.9663902505E+002  4.9955979949E-001
  1.9681941070E+002  4.9956078427E-001
  1.9699979634E+002  4.9956176597E-001
  1.9718018199E+002  4.9956274461E-001
  1.9736056764E+002  4.9956372019E-001
  1.9754095328E+002  4.9956469273E-001
  1.9772133893E+002  4.9956566224E-001
  1.9790172457E+002  4.9956662874E-001
  1.9808211022E+002  4.9956759223E-001
  1.9826249586E+002  4.9956855274E-001
  1.9844288151E+002  4.9956951026E-001
  1.9862326715E+002  4.9957046482E-001
  1.9880365280E+002  4.9957141642E-001
  1.9898403845E+002  4.9957236508E-001
  1.9916442409E+002  4.9957331081E-001
  1.9934480974E+002  4.9957425362E-001
  1.9952519538E+002  4.9957519352E-001
  1.9970558103E+002  4.9957613052E-001
  1.9988596667E+002  4.9957706465E-001
  2.0006635232E+002  4.9957799589E-001
  2.0024673797E+002  4.9957892428E-001
  2.0042712361E+002  4.9957984982E-001
  2.0060750926E+002  4.9958077252E-001
  2.0078789490E+002  4.9958169240E-001
  2.0096828055E+002  4.9958260946E-001
  2.0114866619E+002  4.9958352372E-001
  2.0132905184E+002  4.9958443518E-001
  2.0150943749E+002  4.9958534386E-001
  2.0168982313E+002  4.9958624977E-001
  2.0187020878E+002  4.9958715292E-001
  2.0205059442E+002  4.9958805333E-001
  2.0223098007E+002  4.9958895100E-001
  2.0241136571E+002  4.9958984594E-001
  2.0259175136E+002  4.9959073816E-001
  2.0277213700E+002  4.9959162768E-001
  2.0295252265E+002  4.9959251450E-001
  2.0313290830E+002  4.9959339865E-001
  2.0331329394E+002  4.9959428011E-001
  2.0349367959E+002  4.9959515892E-001
  2.0367406523E+002  4.9959603508E-001
  2.0385445088E+002  4.9959690859E-001
  2.0403483652E+002  4.9959777947E-001
  2.0421522217E+002  4.9959864773E-001
  2.0439560782E+002  4.9959951338E-001
  2.0457599346E+002  4.9960037644E-001
  2.0475637911E+002  4.9960123690E-001
  2.0493676475E+002  4.9960209478E-001
  2.0511715040E+002  4.9960295009E-001
  2.0529753604E+002  4.9960380285E-001
  2.0547792169E+002  4.9960465305E-001
  2.0565830733E+002  4.9960550071E-001
  2.0583869298E+002  4.9960634585E-001
  2.0601907863E+002  4.9960718846E-001
  2.0619946427E+002  4.9960802857E-001
  2.0637984992E+002  4.9960886617E-001
  2.0656023556E+002  4.9960970129E-001
  2.0674062121E+002  4.9961053392E-001
  2.0692100685E+002  4.9961136408E-001
  2.0710139250E+002  4.9961219178E-001
  2.0728177815E+002  4.9961301703E-001
  2.0746216379E+002  4.9961383984E-001
  2.0764254944E+002  4.9961466021E-001
  2.0782293508E+002  4.9961547816E-001
  2.0800332073E+002  4.9961629370E-001
  2.0818370637E+002  4.9961710683E-001
  2.0836409202E+002  4.9961791756E-001
  2.0854447766E+002  4.9961872591E-001
  2.0872486331E+002  4.9961953188E-001
  2.0890524896E+002  4.9962033548E-001
  2.0908563460E+002  4.9962113673E-001
  2.0926602025E+002  4.9962193562E-001
  2.0944640589E+002  4.9962273217E-001
  2.0962679154E+002  4.9962352639E-001
  2.0980717718E+002  4.9962431829E-001
  2.0998756283E+002  4.9962510787E-001
  2.1016794848E+002  4.9962589515E-001
  2.1034833412E+002  4.9962668013E-001
  2.1052871977E+002  4.9962746282E-001
  2.1070910541E+002  4.9962824323E-001
  2.1088949106E+002  4.9962902137E-001
  2.1106987670E+002  4.9962979725E-001
  2.1125026235E+002  4.9963057088E-001
  2.1143064799E+002  4.9963134226E-001
  2.1161103364E+002  4.9963211141E-001
  2.1179141929E+002  4.9963287832E-001
  2.1197180493E+002  4.9963364302E-001
  2.1215219058E+002  4.9963440551E-001
  2.1233257622E+002  4.9963516579E-001
  2.1251296187E+002  4.9963592388E-001
  2.1269334751E+002  4.9963667979E-001
  2.1287373316E+002  4.9963743351E-001
  2.1305411881E+002  4.9963818507E-001
  2.1323450445E+002  4.9963893446E-001
  2.1341489010E+002  4.9963968170E-001
  2.1359527574E+002  4.9964042680E-001
  2.1377566139E+002  4.9964116975E-001
  2.1395604703E+002  4.9964191058E-001
  2.1413643268E+002  4.9964264929E-001
  2.1431681832E+002  4.9964338588E-001
  2.1449720397E+002  4.9964412037E-001
  2.1467758962E+002  4.9964485276E-001
  2.1485797526E+002  4.9964558306E-001
  2.1503836091E+002  4.9964631127E-001
  2.1521874655E+002  4.9964703742E-001
  2.1539913220E+002  4.9964776149E-001
  2.1557951784E+002  4.9964848351E-001
  2.1575990349E+002  4.9964920348E-001
  2.1594028914E+002  4.9964992140E-001
  2.1612067478E+002  4.9965063728E-001
  2.1630106043E+002  4.9965135114E-001
  2.1648144607E+002  4.9965206297E-001
  2.1666183172E+002  4.9965277279E-001
  2.1684221736E+002  4.9965348061E-001
  2.1702260301E+002  4.9965418642E-001
  2.1720298866E+002  4.9965489025E-001
  2.1738337430E+002  4.9965559209E-001
  2.1756375995E+002  4.9965629195E-001
  2.1774414559E+002  4.9965698984E-001
  2.1792453124E+002  4.9965768577E-001
  2.1810491688E+002  4.9965837975E-001
  2.1828530253E+002  4.9965907178E-001
  2.1846568817E+002  4.9965976186E-001
  2.1864607382E+002  4.9966045001E-001
  2.1882645947E+002  4.9966113624E-001
  2.1900684511E+002  4.9966182054E-001
  2.1918723076E+002  4.9966250293E-001
  2.1936761640E+002  4.9966318342E-001
  2.1954800205E+002  4.9966386201E-001
  2.1972838769E+002  4.9966453870E-001
  2.1990877334E+002  4.9966521351E-001
  2.2008915899E+002  4.9966588644E-001
  2.2026954463E+002  4.9966655750E-001
  2.2044993028E+002  4.9966722670E-001
  2.2063031592E+002  4.9966789403E-001
  2.2081070157E+002  4.9966855952E-001
  2.2099108721E+002  4.9966922316E-001
  2.2117147286E+002  4.9966988496E-001
  2.2135185850E+002  4.9967054493E-001
  2.2153224415E+002  4.9967120308E-001
  2.2171262980E+002  4.9967185941E-001
  2.2189301544E+002  4.9967251393E-001
  2.2207340109E+002  4.9967316664E-001
  2.2225378673E+002  4.9967381755E-001
  2.2243417238E+002  4.9967446667E-001
  2.2261455802E+002  4.9967511400E-001
  2.2279494367E+002  4.9967575956E-001
  2.2297532932E+002  4.9967640334E-001
  2.2315571496E+002  4.9967704536E-001
  2.2333610061E+002  4.9967768561E-001
  2.2351648625E+002  4.9967832411E-001
  2.2369687190E+002  4.9967896087E-001
  2.2387725754E+002  4.9967959588E-001
  2.2405764319E+002  4.9968022916E-001
  2.2423802883E+002  4.9968086070E-001
  2.2441841448E+002  4.9968149053E-001
  2.2459880013E+002  4.9968211863E-001
  2.2477918577E+002  4.9968274503E-001
  2.2495957142E+002  4.9968336972E-001
  2.2513995706E+002  4.9968399271E-001
  2.2532034271E+002  4.9968461401E-001
  2.2550072835E+002  4.9968523362E-001
  2.2568111400E+002  4.9968585156E-001
  2.2586149965E+002  4.9968646781E-001
  2.2604188529E+002  4.9968708240E-001
  2.2622227094E+002  4.9968769533E-001
  2.2640265658E+002  4.9968830659E-001
  2.2658304223E+002  4.9968891621E-001
  2.2676342787E+002  4.9968952418E-001
  2.2694381352E+002  4.9969013051E-001
  2.2712419916E+002  4.9969073521E-001
  2.2730458481E+002  4.9969133827E-001
  2.2748497046E+002  4.9969193972E-001
  2.2766535610E+002  4.9969253955E-001
  2.2784574175E+002  4.9969313776E-001
  2.2802612739E+002  4.9969373438E-001
  2.2820651304E+002  4.9969432939E-001
  2.2838689868E+002  4.9969492280E-001
  2.2856728433E+002  4.9969551463E-001
  2.2874766998E+002  4.9969610487E-001
  2.2892805562E+002  4.9969669354E-001
  2.2910844127E+002  4.9969728063E-001
  2.2928882691E+002  4.9969786616E-001
  2.2946921256E+002  4.9969845012E-001
  2.2964959820E+002  4.9969903253E-001
  2.2982998385E+002  4.9969961339E-001
  2.3001036949E+002  4.9970019270E-001
  2.3019075514E+002  4.9970077047E-001
  2.3037114079E+002  4.9970134671E-001
  2.3055152643E+002  4.9970192142E-001
  2.3073191208E+002  4.9970249460E-001
  2.3091229772E+002  4.9970306627E-001
  2.3109268337E+002  4.9970363642E-001
  2.3127306901E+002  4.9970420506E-001
  2.3145345466E+002  4.9970477220E-001
  2.3163384031E+002  4.9970533784E-001
  2.3181422595E+002  4.9970590199E-001
  2.3199461160E+002  4.9970646465E-001
  2.3217499724E+002  4.9970702583E-001
  2.3235538289E+002  4.9970758553E-001
  2.3253576853E+002  4.9970814376E-001
  2.3271615418E+002  4.9970870052E-001
  2.3289653982E+002  4.9970925581E-001
  2.3307692547E+002  4.9970980965E-001
  2.3325731112E+002  4.9971036204E-001
  2.3343769676E+002  4.9971091298E-001
  2.3361808241E+002  4.9971146248E-001
  2.3379846805E+002  4.9971201053E-001
  2.3397885370E+002  4.9971255716E-001
  2.3415923934E+002  4.9971310236E-001
  2.3433962499E+002  4.9971364613E-001
  2.3452001064E+002  4.9971418849E-001
  2.3470039628E+002  4.9971472943E-001
  2.3488078193E+002  4.9971526896E-001
  2.3506116757E+002  4.9971580709E-001
  2.3524155322E+002  4.9971634382E-001
  2.3542193886E+002  4.9971687915E-001
  2.3560232451E+002  4.9971741310E-001
  2.3578271016E+002  4.9971794566E-001
  2.3596309580E+002  4.9971847684E-001
  2.3614348145E+002  4.9971900664E-001
  2.3632386709E+002  4.9971953507E-001
  2.3650425274E+002  4.9972006214E-001
  2.3668463838E+002  4.9972058784E-001
  2.3686502403E+002  4.9972111219E-001
  2.3704540967E+002  4.9972163518E-001
  2.3722579532E+002  4.9972215682E-001
  2.3740618097E+002  4.9972267712E-001
  2.3758656661E+002  4.9972319608E-001
  2.3776695226E+002  4.9972371371E-001
  2.3794733790E+002  4.9972423000E-001
  2.3812772355E+002  4.9972474497E-001
  2.3830810919E+002  4.9972525862E-001
  2.3848849484E+002  4.9972577095E-001
  2.3866888049E+002  4.9972628197E-001
  2.3884926613E+002  4.9972679168E-001
  2.3902965178E+002  4.9972730008E-001
  2.3921003742E+002  4.9972780719E-001
  2.3939042307E+002  4.9972831299E-001
  2.3957080871E+002  4.9972881751E-001
  2.3975119436E+002  4.9972932074E-001
  2.3993158000E+002  4.9972982269E-001
  2.4011196565E+002  4.9973032336E-001
  2.4029235130E+002  4.9973082276E-001
  2.4047273694E+002  4.9973132088E-001
  2.4065312259E+002  4.9973181774E-001
  2.4083350823E+002  4.9973231334E-001
  2.4101389388E+002  4.9973280768E-001
  2.4119427952E+002  4.9973330076E-001
  2.4137466517E+002  4.9973379260E-001
  2.4155505082E+002  4.9973428319E-001
  2.4173543646E+002  4.9973477255E-001
  2.4191582211E+002  4.9973526066E-001
  2.4209620775E+002  4.9973574754E-001
  2.4227659340E+002  4.9973623319E-001
  2.4245697904E+002  4.9973671762E-001
  2.4263736469E+002  4.9973720083E-001
  2.4281775033E+002  4.9973768282E-001
  2.4299813598E+002  4.9973816359E-001
  2.4317852163E+002  4.9973864316E-001
  2.4335890727E+002  4.9973912152E-001
  2.4353929292E+002  4.9973959869E-001
  2.4371967856E+002  4.9974007465E-001
  2.4390006421E+002  4.9974054942E-001
  2.4408044985E+002  4.9974102300E-001
  2.4426083550E+002  4.9974149540E-001
  2.4444122115E+002  4.9974196661E-001
  2.4462160679E+002  4.9974243665E-001
  2.4480199244E+002  4.9974290551E-001
  2.4498237808E+002  4.9974337320E-001
  2.4516276373E+002  4.9974383973E-001
  2.4534314937E+002  4.9974430509E-001
  2.4552353502E+002  4.9974476930E-001
  2.4570392066E+002  4.9974523234E-001
  2.4588430631E+002  4.9974569424E-001
  2.4606469196E+002  4.9974615499E-001
  2.4624507760E+002  4.9974661460E-001
  2.4642546325E+002  4.9974707306E-001
  2.4660584889E+002  4.9974753039E-001
  2.4678623454E+002  4.9974798658E-001
  2.4696662018E+002  4.9974844165E-001
  2.4714700583E+002  4.9974889559E-001
  2.4732739148E+002  4.9974934841E-001
  2.4750777712E+002  4.9974980010E-001
  2.4768816277E+002  4.9975025069E-001
  2.4786854841E+002  4.9975070016E-001
  2.4804893406E+002  4.9975114852E-001
  2.4822931970E+002  4.9975159578E-001
  2.4840970535E+002  4.9975204194E-001
  2.4859009099E+002  4.9975248700E-001
  2.4877047664E+002  4.9975293097E-001
  2.4895086229E+002  4.9975337385E-001
  2.4913124793E+002  4.9975381564E-001
  2.4931163358E+002  4.9975425635E-001
  2.4949201922E+002  4.9975469597E-001
  2.4967240487E+002  4.9975513452E-001
  2.4985279051E+002  4.9975557200E-001
  2.5003317616E+002  4.9975600841E-001
  2.5021356181E+002  4.9975644375E-001
  2.5039394745E+002  4.9975687802E-001
  2.5057433310E+002  4.9975731124E-001
  2.5075471874E+002  4.9975774340E-001
  2.5093510439E+002  4.9975817451E-001
  2.5111549003E+002  4.9975860457E-001
  2.5129587568E+002  4.9975903358E-001
  2.5147626133E+002  4.9975946155E-001
  2.5165664697E+002  4.9975988848E-001
  2.5183703262E+002  4.9976031437E-001
  2.5201741826E+002  4.9976073923E-001
  2.5219780391E+002  4.9976116306E-001
  2.5237818955E+002  4.9976158586E-001
  2.5255857520E+002  4.9976200764E-001
  2.5273896084E+002  4.9976242840E-001
  2.5291934649E+002  4.9976284814E-001
  2.5309973214E+002  4.9976326687E-001
  2.5328011778E+002  4.9976368459E-001
  2.5346050343E+002  4.9976410130E-001
  2.5364088907E+002  4.9976451700E-001
  2.5382127472E+002  4.9976493171E-001
  2.5400166036E+002  4.9976534541E-001
  2.5418204601E+002  4.9976575812E-001
  2.5436243166E+002  4.9976616984E-001
  2.5454281730E+002  4.9976658057E-001
  2.5472320295E+002  4.9976699031E-001
  2.5490358859E+002  4.9976739907E-001
  2.5508397424E+002  4.9976780685E-001
  2.5526435988E+002  4.9976821365E-001
  2.5544474553E+002  4.9976861948E-001
  2.5562513117E+002  4.9976902434E-001
  2.5580551682E+002  4.9976942823E-001
  2.5598590247E+002  4.9976983116E-001
  2.5616628811E+002  4.9977023312E-001
  2.5634667376E+002  4.9977063413E-001
  2.5652705940E+002  4.9977103418E-001
  2.5670744505E+002  4.9977143327E-001
  2.5688783069E+002  4.9977183142E-001
  2.5706821634E+002  4.9977222862E-001
  2.5724860199E+002  4.9977262488E-001
  2.5742898763E+002  4.9977302019E-001
  2.5760937328E+002  4.9977341457E-001
  2.5778975892E+002  4.9977380801E-001
  2.5797014457E+002  4.9977420052E-001
  2.5815053021E+002  4.9977459209E-001
  2.5833091586E+002  4.9977498275E-001
  2.5851130150E+002  4.9977537247E-001
  2.5869168715E+002  4.9977576128E-001
  2.5887207280E+002  4.9977614917E-001
  2.5905245844E+002  4.9977653614E-001
  2.5923284409E+002  4.9977692220E-001
  2.5941322973E+002  4.9977730735E-001
  2.5959361538E+002  4.9977769159E-001
  2.5977400102E+002  4.9977807493E-001
  2.5995438667E+002  4.9977845737E-001
  2.6013477232E+002  4.9977883890E-001
  2.6031515796E+002  4.9977921954E-001
  2.6049554361E+002  4.9977959929E-001
  2.6067592925E+002  4.9977997815E-001
  2.6085631490E+002  4.9978035612E-001
  2.6103670054E+002  4.9978073320E-001
  2.6121708619E+002  4.9978110940E-001
  2.6139747183E+002  4.9978148472E-001
  2.6157785748E+002  4.9978185916E-001
  2.6175824313E+002  4.9978223273E-001
  2.6193862877E+002  4.9978260542E-001
  2.6211901442E+002  4.9978297725E-001
  2.6229940006E+002  4.9978334821E-001
  2.6247978571E+002  4.9978371830E-001
  2.6266017135E+002  4.9978408754E-001
  2.6284055700E+002  4.9978445591E-001
  2.6302094265E+002  4.9978482343E-001
  2.6320132829E+002  4.9978519009E-001
  2.6338171394E+002  4.9978555590E-001
  2.6356209958E+002  4.9978592087E-001
  2.6374248523E+002  4.9978628499E-001
  2.6392287087E+002  4.9978664826E-001
  2.6410325652E+002  4.9978701069E-001
  2.6428364216E+002  4.9978737228E-001
  2.6446402781E+002  4.9978773304E-001
  2.6464441346E+002  4.9978809297E-001
  2.6482479910E+002  4.9978845206E-001
  2.6500518475E+002  4.9978881032E-001
  2.6518557039E+002  4.9978916776E-001
  2.6536595604E+002  4.9978952437E-001
  2.6554634168E+002  4.9978988016E-001
  2.6572672733E+002  4.9979023514E-001
  2.6590711298E+002  4.9979058929E-001
  2.6608749862E+002  4.9979094264E-001
  2.6626788427E+002  4.9979129517E-001
  2.6644826991E+002  4.9979164689E-001
  2.6662865556E+002  4.9979199780E-001
  2.6680904120E+002  4.9979234791E-001
  2.6698942685E+002  4.9979269722E-001
  2.6716981250E+002  4.9979304573E-001
  2.6735019814E+002  4.9979339344E-001
  2.6753058379E+002  4.9979374036E-001
  2.6771096943E+002  4.9979408648E-001
  2.6789135508E+002  4.9979443182E-001
  2.6807174072E+002  4.9979477636E-001
  2.6825212637E+002  4.9979512012E-001
  2.6843251201E+002  4.9979546310E-001
  2.6861289766E+002  4.9979580529E-001
  2.6879328331E+002  4.9979614671E-001
  2.6897366895E+002  4.9979648735E-001
  2.6915405460E+002  4.9979682722E-001
  2.6933444024E+002  4.9979716631E-001
  2.6951482589E+002  4.9979750463E-001
  2.6969521153E+002  4.9979784219E-001
  2.6987559718E+002  4.9979817898E-001
  2.7005598283E+002  4.9979851501E-001
  2.7023636847E+002  4.9979885028E-001
  2.7041675412E+002  4.9979918479E-001
  2.7059713976E+002  4.9979951854E-001
  2.7077752541E+002  4.9979985154E-001
  2.7095791105E+002  4.9980018379E-001
  2.7113829670E+002  4.9980051529E-001
  2.7131868234E+002  4.9980084604E-001
  2.7149906799E+002  4.9980117605E-001
  2.7167945364E+002  4.9980150531E-001
  2.7185983928E+002  4.9980183383E-001
  2.7204022493E+002  4.9980216161E-001
  2.7222061057E+002  4.9980248866E-001
  2.7240099622E+002  4.9980281497E-001
  2.7258138186E+002  4.9980314055E-001
  2.7276176751E+002  4.9980346539E-001
  2.7294215316E+002  4.9980378952E-001
  2.7312253880E+002  4.9980411291E-001
  2.7330292445E+002  4.9980443558E-001
  2.7348331009E+002  4.9980475753E-001
  2.7366369574E+002  4.9980507876E-001
  2.7384408138E+002  4.9980539927E-001
  2.7402446703E+002  4.9980571906E-001
  2.7420485267E+002  4.9980603814E-001
  2.7438523832E+002  4.9980635651E-001
  2.7456562397E+002  4.9980667417E-001
  2.7474600961E+002  4.9980699113E-001
  2.7492639526E+002  4.9980730737E-001
  2.7510678090E+002  4.9980762292E-001
  2.7528716655E+002  4.9980793776E-001
  2.7546755219E+002  4.9980825190E-001
  2.7564793784E+002  4.9980856535E-001
  2.7582832349E+002  4.9980887810E-001
  2.7600870913E+002  4.9980919015E-001
  2.7618909478E+002  4.9980950152E-001
  2.7636948042E+002  4.9980981220E-001
  2.7654986607E+002  4.9981012218E-001
  2.7673025171E+002  4.9981043149E-001
  2.7691063736E+002  4.9981074011E-001
  2.7709102300E+002  4.9981104804E-001
  2.7727140865E+002  4.9981135530E-001
  2.7745179430E+002  4.9981166188E-001
  2.7763217994E+002  4.9981196779E-001
  2.7781256559E+002  4.9981227302E-001
  2.7799295123E+002  4.9981257758E-001
  2.7817333688E+002  4.9981288147E-001
  2.7835372252E+002  4.9981318469E-001
  2.7853410817E+002  4.9981348724E-001
  2.7871449382E+002  4.9981378913E-001
  2.7889487946E+002  4.9981409036E-001
  2.7907526511E+002  4.9981439092E-001
  2.7925565075E+002  4.9981469083E-001
  2.7943603640E+002  4.9981499008E-001
  2.7961642204E+002  4.9981528868E-001
  2.7979680769E+002  4.9981558662E-001
  2.7997719333E+002  4.9981588391E-001
  2.8015757898E+002  4.9981618055E-001
  2.8033796463E+002  4.9981647654E-001
  2.8051835027E+002  4.9981677189E-001
  2.8069873592E+002  4.9981706659E-001
  2.8087912156E+002  4.9981736066E-001
  2.8105950721E+002  4.9981765408E-001
  2.8123989285E+002  4.9981794686E-001
  2.8142027850E+002  4.9981823900E-001
  2.8160066415E+002  4.9981853051E-001
  2.8178104979E+002  4.9981882139E-001
  2.8196143544E+002  4.9981911164E-001
  2.8214182108E+002  4.9981940125E-001
  2.8232220673E+002  4.9981969024E-001
  2.8250259237E+002  4.9981997860E-001
  2.8268297802E+002  4.9982026634E-001
  2.8286336366E+002  4.9982055345E-001
  2.8304374931E+002  4.9982083994E-001
  2.8322413496E+002  4.9982112582E-001
  2.8340452060E+002  4.9982141107E-001
  2.8358490625E+002  4.9982169571E-001
  2.8376529189E+002  4.9982197974E-001
  2.8394567754E+002  4.9982226315E-001
  2.8412606318E+002  4.9982254595E-001
  2.8430644883E+002  4.9982282814E-001
  2.8448683448E+002  4.9982310973E-001
  2.8466722012E+002  4.9982339071E-001
  2.8484760577E+002  4.9982367109E-001
  2.8502799141E+002  4.9982395086E-001
  2.8520837706E+002  4.9982423003E-001
  2.8538876270E+002  4.9982450861E-001
  2.8556914835E+002  4.9982478658E-001
  2.8574953400E+002  4.9982506396E-001
  2.8592991964E+002  4.9982534075E-001
  2.8611030529E+002  4.9982561695E-001
  2.8629069093E+002  4.9982589255E-001
  2.8647107658E+002  4.9982616756E-001
  2.8665146222E+002  4.9982644199E-001
  2.8683184787E+002  4.9982671583E-001
  2.8701223351E+002  4.9982698909E-001
  2.8719261916E+002  4.9982726176E-001
  2.8737300481E+002  4.9982753385E-001
  2.8755339045E+002  4.9982780537E-001
  2.8773377610E+002  4.9982807630E-001
  2.8791416174E+002  4.9982834666E-001
  2.8809454739E+002  4.9982861644E-001
  2.8827493303E+002  4.9982888565E-001
  2.8845531868E+002  4.9982915429E-001
  2.8863570433E+002  4.9982942236E-001
  2.8881608997E+002  4.9982968986E-001
  2.8899647562E+002  4.9982995679E-001
  2.8917686126E+002  4.9983022316E-001
  2.8935724691E+002  4.9983048896E-001
  2.8953763255E+002  4.9983075421E-001
  2.8971801820E+002  4.9983101889E-001
  2.8989840384E+002  4.9983128301E-001
  2.9007878949E+002  4.9983154657E-001
  2.9025917514E+002  4.9983180958E-001
  2.9043956078E+002  4.9983207203E-001
  2.9061994643E+002  4.9983233393E-001
  2.9080033207E+002  4.9983259527E-001
  2.9098071772E+002  4.9983285607E-001
  2.9116110336E+002  4.9983311632E-001
  2.9134148901E+002  4.9983337602E-001
  2.9152187466E+002  4.9983363518E-001
  2.9170226030E+002  4.9983389379E-001
  2.9188264595E+002  4.9983415185E-001
  2.9206303159E+002  4.9983440938E-001
  2.9224341724E+002  4.9983466637E-001
  2.9242380288E+002  4.9983492281E-001
  2.9260418853E+002  4.9983517872E-001
  2.9278457417E+002  4.9983543410E-001
  2.9296495982E+002  4.9983568894E-001
  2.9314534547E+002  4.9983594325E-001
  2.9332573111E+002  4.9983619703E-001
  2.9350611676E+002  4.9983645027E-001
  2.9368650240E+002  4.9983670299E-001
  2.9386688805E+002  4.9983695518E-001
  2.9404727369E+002  4.9983720685E-001
  2.9422765934E+002  4.9983745799E-001
  2.9440804499E+002  4.9983770861E-001
  2.9458843063E+002  4.9983795871E-001
  2.9476881628E+002  4.9983820828E-001
  2.9494920192E+002  4.9983845734E-001
  2.9512958757E+002  4.9983870588E-001
  2.9530997321E+002  4.9983895391E-001
  2.9549035886E+002  4.9983920142E-001
  2.9567074450E+002  4.9983944842E-001
  2.9585113015E+002  4.9983969490E-001
  2.9603151580E+002  4.9983994088E-001
  2.9621190144E+002  4.9984018635E-001
  2.9639228709E+002  4.9984043131E-001
  2.9657267273E+002  4.9984067576E-001
  2.9675305838E+002  4.9984091971E-001
  2.9693344402E+002  4.9984116315E-001
  2.9711382967E+002  4.9984140609E-001
  2.9729421532E+002  4.9984164853E-001
  2.9747460096E+002  4.9984189047E-001
  2.9765498661E+002  4.9984213192E-001
  2.9783537225E+002  4.9984237286E-001
  2.9801575790E+002  4.9984261331E-001
  2.9819614354E+002  4.9984285327E-001
  2.9837652919E+002  4.9984309273E-001
  2.9855691483E+002  4.9984333170E-001
  2.9873730048E+002  4.9984357018E-001
  2.9891768613E+002  4.9984380817E-001
  2.9909807177E+002  4.9984404568E-001
  2.9927845742E+002  4.9984428269E-001
  2.9945884306E+002  4.9984451922E-001
  2.9963922871E+002  4.9984475527E-001
  2.9981961435E+002  4.9984499084E-001
  3.0000000000E+002  4.9984522592E-001
