 #Meta stability initial point. v (m3/mol) = 
 #T (K)	lambda
  1.1979474001E+002 -1.2502879889E+000
  1.1997512566E+002 -1.2444568265E+000
  1.2015551131E+002 -1.2386449896E+000
  1.2033589695E+002 -1.2328523891E+000
  1.2051628260E+002 -1.2270789367E+000
  1.2069666824E+002 -1.2213245444E+000
  1.2087705389E+002 -1.2155891248E+000
  1.2105743953E+002 -1.2098725910E+000
  1.2123782518E+002 -1.2041748569E+000
  1.2141821082E+002 -1.1984958366E+000
  1.2159859647E+002 -1.1928354449E+000
  1.2177898212E+002 -1.1871935970E+000
  1.2195936776E+002 -1.1815702089E+000
  1.2213975341E+002 -1.1759651969E+000
  1.2232013905E+002 -1.1703784777E+000
  1.2250052470E+002 -1.1648099688E+000
  1.2268091034E+002 -1.1592595880E+000
  1.2286129599E+002 -1.1537272537E+000
  1.2304168164E+002 -1.1482128847E+000
  1.2322206728E+002 -1.1427164004E+000
  1.2340245293E+002 -1.1372377208E+000
  1.2358283857E+002 -1.1317767660E+000
  1.2376322422E+002 -1.1263334570E+000
  1.2394360986E+002 -1.1209077150E+000
  1.2412399551E+002 -1.1154994619E+000
  1.2430438115E+002 -1.1101086199E+000
  1.2448476680E+002 -1.1047351117E+000
  1.2466515245E+002 -1.0993788605E+000
  1.2484553809E+002 -1.0940397900E+000
  1.2502592374E+002 -1.0887178244E+000
  1.2520630938E+002 -1.0834128881E+000
  1.2538669503E+002 -1.0781249063E+000
  1.2556708067E+002 -1.0728538044E+000
  1.2574746632E+002 -1.0675995083E+000
  1.2592785197E+002 -1.0623619445E+000
  1.2610823761E+002 -1.0571410398E+000
  1.2628862326E+002 -1.0519367214E+000
  1.2646900890E+002 -1.0467489169E+000
  1.2664939455E+002 -1.0415775547E+000
  1.2682978019E+002 -1.0364225631E+000
  1.2701016584E+002 -1.0312838711E+000
  1.2719055148E+002 -1.0261614083E+000
  1.2737093713E+002 -1.0210551044E+000
  1.2755132278E+002 -1.0159648896E+000
  1.2773170842E+002 -1.0108906946E+000
  1.2791209407E+002 -1.0058324504E+000
  1.2809247971E+002 -1.0007900886E+000
  1.2827286536E+002 -9.9576354106E-001
  1.2845325100E+002 -9.9075273999E-001
  1.2863363665E+002 -9.8575761811E-001
  1.2881402230E+002 -9.8077810849E-001
  1.2899440794E+002 -9.7581414461E-001
  1.2917479359E+002 -9.7086566034E-001
  1.2935517923E+002 -9.6593258993E-001
  1.2953556488E+002 -9.6101486804E-001
  1.2971595052E+002 -9.5611242967E-001
  1.2989633617E+002 -9.5122521024E-001
  1.3007672181E+002 -9.4635314554E-001
  1.3025710746E+002 -9.4149617172E-001
  1.3043749311E+002 -9.3665422532E-001
  1.3061787875E+002 -9.3182724324E-001
  1.3079826440E+002 -9.2701516276E-001
  1.3097865004E+002 -9.2221792152E-001
  1.3115903569E+002 -9.1743545752E-001
  1.3133942133E+002 -9.1266770913E-001
  1.3151980698E+002 -9.0791461506E-001
  1.3170019263E+002 -9.0317611439E-001
  1.3188057827E+002 -8.9845214656E-001
  1.3206096392E+002 -8.9374265135E-001
  1.3224134956E+002 -8.8904756889E-001
  1.3242173521E+002 -8.8436683966E-001
  1.3260212085E+002 -8.7970040448E-001
  1.3278250650E+002 -8.7504820451E-001
  1.3296289214E+002 -8.7041018127E-001
  1.3314327779E+002 -8.6578627659E-001
  1.3332366344E+002 -8.6117643265E-001
  1.3350404908E+002 -8.5658059197E-001
  1.3368443473E+002 -8.5199869737E-001
  1.3386482037E+002 -8.4743069204E-001
  1.3404520602E+002 -8.4287651947E-001
  1.3422559166E+002 -8.3833612348E-001
  1.3440597731E+002 -8.3380944822E-001
  1.3458636296E+002 -8.2929643814E-001
  1.3476674860E+002 -8.2479703803E-001
  1.3494713425E+002 -8.2031119299E-001
  1.3512751989E+002 -8.1583884843E-001
  1.3530790554E+002 -8.1137995007E-001
  1.3548829118E+002 -8.0693444395E-001
  1.3566867683E+002 -8.0250227641E-001
  1.3584906248E+002 -7.9808339410E-001
  1.3602944812E+002 -7.9367774397E-001
  1.3620983377E+002 -7.8928527327E-001
  1.3639021941E+002 -7.8490592956E-001
  1.3657060506E+002 -7.8053966069E-001
  1.3675099070E+002 -7.7618641481E-001
  1.3693137635E+002 -7.7184614037E-001
  1.3711176199E+002 -7.6751878610E-001
  1.3729214764E+002 -7.6320430102E-001
  1.3747253329E+002 -7.5890263446E-001
  1.3765291893E+002 -7.5461373602E-001
  1.3783330458E+002 -7.5033755559E-001
  1.3801369022E+002 -7.4607404333E-001
  1.3819407587E+002 -7.4182314971E-001
  1.3837446151E+002 -7.3758482545E-001
  1.3855484716E+002 -7.3335902158E-001
  1.3873523281E+002 -7.2914568938E-001
  1.3891561845E+002 -7.2494478041E-001
  1.3909600410E+002 -7.2075624652E-001
  1.3927638974E+002 -7.1658003981E-001
  1.3945677539E+002 -7.1241611266E-001
  1.3963716103E+002 -7.0826441772E-001
  1.3981754668E+002 -7.0412490790E-001
  1.3999793232E+002 -6.9999753638E-001
  1.4017831797E+002 -6.9588225661E-001
  1.4035870362E+002 -6.9177902229E-001
  1.4053908926E+002 -6.8768778738E-001
  1.4071947491E+002 -6.8360850611E-001
  1.4089986055E+002 -6.7954113295E-001
  1.4108024620E+002 -6.7548562265E-001
  1.4126063184E+002 -6.7144193018E-001
  1.4144101749E+002 -6.6741001080E-001
  1.4162140314E+002 -6.6338982000E-001
  1.4180178878E+002 -6.5938131352E-001
  1.4198217443E+002 -6.5538444735E-001
  1.4216256007E+002 -6.5139917773E-001
  1.4234294572E+002 -6.4742546114E-001
  1.4252333136E+002 -6.4346325431E-001
  1.4270371701E+002 -6.3951251421E-001
  1.4288410265E+002 -6.3557319804E-001
  1.4306448830E+002 -6.3164526325E-001
  1.4324487395E+002 -6.2772866754E-001
  1.4342525959E+002 -6.2382336882E-001
  1.4360564524E+002 -6.1992932525E-001
  1.4378603088E+002 -6.1604649523E-001
  1.4396641653E+002 -6.1217483738E-001
  1.4414680217E+002 -6.0831431056E-001
  1.4432718782E+002 -6.0446487386E-001
  1.4450757347E+002 -6.0062648658E-001
  1.4468795911E+002 -5.9679910828E-001
  1.4486834476E+002 -5.9298269872E-001
  1.4504873040E+002 -5.8917721790E-001
  1.4522911605E+002 -5.8538262603E-001
  1.4540950169E+002 -5.8159888355E-001
  1.4558988734E+002 -5.7782595113E-001
  1.4577027298E+002 -5.7406378963E-001
  1.4595065863E+002 -5.7031236017E-001
  1.4613104428E+002 -5.6657162406E-001
  1.4631142992E+002 -5.6284154282E-001
  1.4649181557E+002 -5.5912207821E-001
  1.4667220121E+002 -5.5541319220E-001
  1.4685258686E+002 -5.5171484694E-001
  1.4703297250E+002 -5.4802700483E-001
  1.4721335815E+002 -5.4434962846E-001
  1.4739374380E+002 -5.4068268064E-001
  1.4757412944E+002 -5.3702612439E-001
  1.4775451509E+002 -5.3337992291E-001
  1.4793490073E+002 -5.2974403964E-001
  1.4811528638E+002 -5.2611843820E-001
  1.4829567202E+002 -5.2250308243E-001
  1.4847605767E+002 -5.1889793637E-001
  1.4865644331E+002 -5.1530296426E-001
  1.4883682896E+002 -5.1171813053E-001
  1.4901721461E+002 -5.0814339982E-001
  1.4919760025E+002 -5.0457873696E-001
  1.4937798590E+002 -5.0102410700E-001
  1.4955837154E+002 -4.9747947516E-001
  1.4973875719E+002 -4.9394480686E-001
  1.4991914283E+002 -4.9042006773E-001
  1.5009952848E+002 -4.8690522358E-001
  1.5027991413E+002 -4.8340024041E-001
  1.5046029977E+002 -4.7990508441E-001
  1.5064068542E+002 -4.7641972199E-001
  1.5082107106E+002 -4.7294411970E-001
  1.5100145671E+002 -4.6947824432E-001
  1.5118184235E+002 -4.6602206279E-001
  1.5136222800E+002 -4.6257554226E-001
  1.5154261365E+002 -4.5913865005E-001
  1.5172299929E+002 -4.5571135367E-001
  1.5190338494E+002 -4.5229362081E-001
  1.5208377058E+002 -4.4888541934E-001
  1.5226415623E+002 -4.4548671733E-001
  1.5244454187E+002 -4.4209748301E-001
  1.5262492752E+002 -4.3871768479E-001
  1.5280531316E+002 -4.3534729129E-001
  1.5298569881E+002 -4.3198627127E-001
  1.5316608446E+002 -4.2863459369E-001
  1.5334647010E+002 -4.2529222768E-001
  1.5352685575E+002 -4.2195914255E-001
  1.5370724139E+002 -4.1863530777E-001
  1.5388762704E+002 -4.1532069301E-001
  1.5406801268E+002 -4.1201526809E-001
  1.5424839833E+002 -4.0871900303E-001
  1.5442878398E+002 -4.0543186798E-001
  1.5460916962E+002 -4.0215383331E-001
  1.5478955527E+002 -3.9888486951E-001
  1.5496994091E+002 -3.9562494729E-001
  1.5515032656E+002 -3.9237403749E-001
  1.5533071220E+002 -3.8913211114E-001
  1.5551109785E+002 -3.8589913942E-001
  1.5569148349E+002 -3.8267509369E-001
  1.5587186914E+002 -3.7945994548E-001
  1.5605225479E+002 -3.7625366647E-001
  1.5623264043E+002 -3.7305622851E-001
  1.5641302608E+002 -3.6986760362E-001
  1.5659341172E+002 -3.6668776398E-001
  1.5677379737E+002 -3.6351668192E-001
  1.5695418301E+002 -3.6035432995E-001
  1.5713456866E+002 -3.5720068072E-001
  1.5731495431E+002 -3.5405570707E-001
  1.5749533995E+002 -3.5091938197E-001
  1.5767572560E+002 -3.4779167857E-001
  1.5785611124E+002 -3.4467257016E-001
  1.5803649689E+002 -3.4156203021E-001
  1.5821688253E+002 -3.3846003231E-001
  1.5839726818E+002 -3.3536655025E-001
  1.5857765382E+002 -3.3228155795E-001
  1.5875803947E+002 -3.2920502949E-001
  1.5893842512E+002 -3.2613693910E-001
  1.5911881076E+002 -3.2307726117E-001
  1.5929919641E+002 -3.2002597024E-001
  1.5947958205E+002 -3.1698304101E-001
  1.5965996770E+002 -3.1394844832E-001
  1.5984035334E+002 -3.1092216717E-001
  1.6002073899E+002 -3.0790417270E-001
  1.6020112464E+002 -3.0489444022E-001
  1.6038151028E+002 -3.0189294516E-001
  1.6056189593E+002 -2.9889966313E-001
  1.6074228157E+002 -2.9591456988E-001
  1.6092266722E+002 -2.9293764128E-001
  1.6110305286E+002 -2.8996885339E-001
  1.6128343851E+002 -2.8700818239E-001
  1.6146382415E+002 -2.8405560461E-001
  1.6164420980E+002 -2.8111109654E-001
  1.6182459545E+002 -2.7817463478E-001
  1.6200498109E+002 -2.7524619613E-001
  1.6218536674E+002 -2.7232575748E-001
  1.6236575238E+002 -2.6941329589E-001
  1.6254613803E+002 -2.6650878856E-001
  1.6272652367E+002 -2.6361221284E-001
  1.6290690932E+002 -2.6072354621E-001
  1.6308729497E+002 -2.5784276630E-001
  1.6326768061E+002 -2.5496985087E-001
  1.6344806626E+002 -2.5210477783E-001
  1.6362845190E+002 -2.4924752522E-001
  1.6380883755E+002 -2.4639807125E-001
  1.6398922319E+002 -2.4355639423E-001
  1.6416960884E+002 -2.4072247264E-001
  1.6434999448E+002 -2.3789628507E-001
  1.6453038013E+002 -2.3507781027E-001
  1.6471076578E+002 -2.3226702712E-001
  1.6489115142E+002 -2.2946391464E-001
  1.6507153707E+002 -2.2666845199E-001
  1.6525192271E+002 -2.2388061845E-001
  1.6543230836E+002 -2.2110039345E-001
  1.6561269400E+002 -2.1832775655E-001
  1.6579307965E+002 -2.1556268746E-001
  1.6597346530E+002 -2.1280516599E-001
  1.6615385094E+002 -2.1005517213E-001
  1.6633423659E+002 -2.0731268597E-001
  1.6651462223E+002 -2.0457768774E-001
  1.6669500788E+002 -2.0185015781E-001
  1.6687539352E+002 -1.9913007669E-001
  1.6705577917E+002 -1.9641742499E-001
  1.6723616482E+002 -1.9371218350E-001
  1.6741655046E+002 -1.9101433309E-001
  1.6759693611E+002 -1.8832385481E-001
  1.6777732175E+002 -1.8564072980E-001
  1.6795770740E+002 -1.8296493936E-001
  1.6813809304E+002 -1.8029646491E-001
  1.6831847869E+002 -1.7763528799E-001
  1.6849886433E+002 -1.7498139029E-001
  1.6867924998E+002 -1.7233475361E-001
  1.6885963563E+002 -1.6969535988E-001
  1.6904002127E+002 -1.6706319118E-001
  1.6922040692E+002 -1.6443822969E-001
  1.6940079256E+002 -1.6182045775E-001
  1.6958117821E+002 -1.5920985779E-001
  1.6976156385E+002 -1.5660641239E-001
  1.6994194950E+002 -1.5401010427E-001
  1.7012233515E+002 -1.5142091624E-001
  1.7030272079E+002 -1.4883883126E-001
  1.7048310644E+002 -1.4626383242E-001
  1.7066349208E+002 -1.4369590293E-001
  1.7084387773E+002 -1.4113502612E-001
  1.7102426337E+002 -1.3858118545E-001
  1.7120464902E+002 -1.3603436451E-001
  1.7138503466E+002 -1.3349454699E-001
  1.7156542031E+002 -1.3096171675E-001
  1.7174580596E+002 -1.2843585773E-001
  1.7192619160E+002 -1.2591695402E-001
  1.7210657725E+002 -1.2340498983E-001
  1.7228696289E+002 -1.2089994948E-001
  1.7246734854E+002 -1.1840181742E-001
  1.7264773418E+002 -1.1591057823E-001
  1.7282811983E+002 -1.1342621661E-001
  1.7300850548E+002 -1.1094871738E-001
  1.7318889112E+002 -1.0847806547E-001
  1.7336927677E+002 -1.0601424596E-001
  1.7354966241E+002 -1.0355724403E-001
  1.7373004806E+002 -1.0110704499E-001
  1.7391043370E+002 -9.8663634260E-002
  1.7409081935E+002 -9.6226997397E-002
  1.7427120499E+002 -9.3797120068E-002
  1.7445159064E+002 -9.1373988064E-002
  1.7463197629E+002 -8.8957587295E-002
  1.7481236193E+002 -8.6547903794E-002
  1.7499274758E+002 -8.4144923709E-002
  1.7517313322E+002 -8.1748633313E-002
  1.7535351887E+002 -7.9359018993E-002
  1.7553390451E+002 -7.6976067258E-002
  1.7571429016E+002 -7.4599764737E-002
  1.7589467581E+002 -7.2230098176E-002
  1.7607506145E+002 -6.9867054439E-002
  1.7625544710E+002 -6.7510620510E-002
  1.7643583274E+002 -6.5160783489E-002
  1.7661621839E+002 -6.2817530596E-002
  1.7679660403E+002 -6.0480849167E-002
  1.7697698968E+002 -5.8150726656E-002
  1.7715737532E+002 -5.5827150635E-002
  1.7733776097E+002 -5.3510108791E-002
  1.7751814662E+002 -5.1199588931E-002
  1.7769853226E+002 -4.8895578975E-002
  1.7787891791E+002 -4.6598066962E-002
  1.7805930355E+002 -4.4307041045E-002
  1.7823968920E+002 -4.2022489495E-002
  1.7842007484E+002 -3.9744400698E-002
  1.7860046049E+002 -3.7472763155E-002
  1.7878084614E+002 -3.5207565483E-002
  1.7896123178E+002 -3.2948796413E-002
  1.7914161743E+002 -3.0696444793E-002
  1.7932200307E+002 -2.8450499584E-002
  1.7950238872E+002 -2.6210949861E-002
  1.7968277436E+002 -2.3977784814E-002
  1.7986316001E+002 -2.1750993749E-002
  1.8004354565E+002 -1.9530566082E-002
  1.8022393130E+002 -1.7316491346E-002
  1.8040431695E+002 -1.5108759184E-002
  1.8058470259E+002 -1.2907359356E-002
  1.8076508824E+002 -1.0712281732E-002
  1.8094547388E+002 -8.5235162963E-003
  1.8112585953E+002 -6.3410531440E-003
  1.8130624517E+002 -4.1648824839E-003
  1.8148663082E+002 -1.9949946361E-003
  1.8166701647E+002  1.6861996727E-004
  1.8184740211E+002  2.3259707828E-003
  1.8202778776E+002  4.4770671557E-003
  1.8220817340E+002  6.6219183204E-003
  1.8238855905E+002  8.7605334003E-003
  1.8256894469E+002  1.0892921409E-002
  1.8274933034E+002  1.3019091248E-002
  1.8292971598E+002  1.5139051712E-002
  1.8311010163E+002  1.7252811483E-002
  1.8329048728E+002  1.9360379135E-002
  1.8347087292E+002  2.1461763134E-002
  1.8365125857E+002  2.3556971835E-002
  1.8383164421E+002  2.5646013485E-002
  1.8401202986E+002  2.7728896224E-002
  1.8419241550E+002  2.9805628083E-002
  1.8437280115E+002  3.1876216986E-002
  1.8455318680E+002  3.3940670749E-002
  1.8473357244E+002  3.5998997082E-002
  1.8491395809E+002  3.8051203587E-002
  1.8509434373E+002  4.0097297761E-002
  1.8527472938E+002  4.2137286995E-002
  1.8545511502E+002  4.4171178574E-002
  1.8563550067E+002  4.6198979677E-002
  1.8581588632E+002  4.8220697379E-002
  1.8599627196E+002  5.0236338652E-002
  1.8617665761E+002  5.2245910360E-002
  1.8635704325E+002  5.4249419268E-002
  1.8653742890E+002  5.6246872034E-002
  1.8671781454E+002  5.8238275214E-002
  1.8689820019E+002  6.0223635264E-002
  1.8707858583E+002  6.2202958535E-002
  1.8725897148E+002  6.4176251277E-002
  1.8743935713E+002  6.6143519640E-002
  1.8761974277E+002  6.8104769673E-002
  1.8780012842E+002  7.0060007324E-002
  1.8798051406E+002  7.2009238443E-002
  1.8816089971E+002  7.3952468779E-002
  1.8834128535E+002  7.5889703982E-002
  1.8852167100E+002  7.7820949607E-002
  1.8870205665E+002  7.9746211108E-002
  1.8888244229E+002  8.1665493844E-002
  1.8906282794E+002  8.3578803077E-002
  1.8924321358E+002  8.5486143972E-002
  1.8942359923E+002  8.7387521600E-002
  1.8960398487E+002  8.9282940938E-002
  1.8978437052E+002  9.1172406866E-002
  1.8996475616E+002  9.3055924174E-002
  1.9014514181E+002  9.4933497557E-002
  1.9032552746E+002  9.6805131619E-002
  1.9050591310E+002  9.8670830871E-002
  1.9068629875E+002  1.0053059973E-001
  1.9086668439E+002  1.0238444254E-001
  1.9104707004E+002  1.0423236353E-001
  1.9122745568E+002  1.0607436687E-001
  1.9140784133E+002  1.0791045660E-001
  1.9158822698E+002  1.0974063672E-001
  1.9176861262E+002  1.1156491111E-001
  1.9194899827E+002  1.1338328359E-001
  1.9212938391E+002  1.1519575787E-001
  1.9230976956E+002  1.1700233760E-001
  1.9249015520E+002  1.1880302632E-001
  1.9267054085E+002  1.2059782752E-001
  1.9285092649E+002  1.2238674459E-001
  1.9303131214E+002  1.2416978084E-001
  1.9321169779E+002  1.2594693950E-001
  1.9339208343E+002  1.2771822373E-001
  1.9357246908E+002  1.2948363662E-001
  1.9375285472E+002  1.3124318115E-001
  1.9393324037E+002  1.3299686027E-001
  1.9411362601E+002  1.3474467681E-001
  1.9429401166E+002  1.3648663358E-001
  1.9447439731E+002  1.3822273327E-001
  1.9465478295E+002  1.3995297852E-001
  1.9483516860E+002  1.4167737190E-001
  1.9501555424E+002  1.4339591591E-001
  1.9519593989E+002  1.4510861299E-001
  1.9537632553E+002  1.4681546551E-001
  1.9555671118E+002  1.4851647576E-001
  1.9573709682E+002  1.5021164599E-001
  1.9591748247E+002  1.5190097837E-001
  1.9609786812E+002  1.5358447503E-001
  1.9627825376E+002  1.5526213802E-001
  1.9645863941E+002  1.5693396933E-001
  1.9663902505E+002  1.5859997093E-001
  1.9681941070E+002  1.6026014468E-001
  1.9699979634E+002  1.6191449243E-001
  1.9718018199E+002  1.6356301596E-001
  1.9736056764E+002  1.6520571700E-001
  1.9754095328E+002  1.6684259724E-001
  1.9772133893E+002  1.6847365831E-001
  1.9790172457E+002  1.7009890180E-001
  1.9808211022E+002  1.7171832925E-001
  1.9826249586E+002  1.7333194217E-001
  1.9844288151E+002  1.7493974202E-001
  1.9862326715E+002  1.7654173022E-001
  1.9880365280E+002  1.7813790815E-001
  1.9898403845E+002  1.7972827717E-001
  1.9916442409E+002  1.8131283860E-001
  1.9934480974E+002  1.8289159370E-001
  1.9952519538E+002  1.8446454374E-001
  1.9970558103E+002  1.8603168994E-001
  1.9988596667E+002  1.8759303350E-001
  2.0006635232E+002  1.8914857558E-001
  2.0024673797E+002  1.9069831735E-001
  2.0042712361E+002  1.9224225993E-001
  2.0060750926E+002  1.9378040443E-001
  2.0078789490E+002  1.9531275194E-001
  2.0096828055E+002  1.9683930355E-001
  2.0114866619E+002  1.9836006031E-001
  2.0132905184E+002  1.9987502330E-001
  2.0150943749E+002  2.0138419356E-001
  2.0168982313E+002  2.0288757212E-001
  2.0187020878E+002  2.0438516003E-001
  2.0205059442E+002  2.0587695833E-001
  2.0223098007E+002  2.0736296806E-001
  2.0241136571E+002  2.0884319024E-001
  2.0259175136E+002  2.1031762594E-001
  2.0277213700E+002  2.1178627620E-001
  2.0295252265E+002  2.1324914208E-001
  2.0313290830E+002  2.1470622467E-001
  2.0331329394E+002  2.1615752505E-001
  2.0349367959E+002  2.1760304433E-001
  2.0367406523E+002  2.1904278363E-001
  2.0385445088E+002  2.2047674411E-001
  2.0403483652E+002  2.2190492694E-001
  2.0421522217E+002  2.2332733332E-001
  2.0439560782E+002  2.2474396447E-001
  2.0457599346E+002  2.2615482166E-001
  2.0475637911E+002  2.2755990618E-001
  2.0493676475E+002  2.2895921938E-001
  2.0511715040E+002  2.3035276261E-001
  2.0529753604E+002  2.3174053731E-001
  2.0547792169E+002  2.3312254491E-001
  2.0565830733E+002  2.3449878695E-001
  2.0583869298E+002  2.3586926496E-001
  2.0601907863E+002  2.3723398057E-001
  2.0619946427E+002  2.3859293544E-001
  2.0637984992E+002  2.3994613129E-001
  2.0656023556E+002  2.4129356992E-001
  2.0674062121E+002  2.4263525317E-001
  2.0692100685E+002  2.4397118295E-001
  2.0710139250E+002  2.4530136126E-001
  2.0728177815E+002  2.4662579014E-001
  2.0746216379E+002  2.4794447174E-001
  2.0764254944E+002  2.4925740826E-001
  2.0782293508E+002  2.5056460199E-001
  2.0800332073E+002  2.5186605530E-001
  2.0818370637E+002  2.5316177064E-001
  2.0836409202E+002  2.5445175057E-001
  2.0854447766E+002  2.5573599773E-001
  2.0872486331E+002  2.5701451483E-001
  2.0890524896E+002  2.5828730471E-001
  2.0908563460E+002  2.5955437030E-001
  2.0926602025E+002  2.6081571462E-001
  2.0944640589E+002  2.6207134080E-001
  2.0962679154E+002  2.6332125209E-001
  2.0980717718E+002  2.6456545183E-001
  2.0998756283E+002  2.6580394349E-001
  2.1016794848E+002  2.6703673064E-001
  2.1034833412E+002  2.6826381698E-001
  2.1052871977E+002  2.6948520632E-001
  2.1070910541E+002  2.7070090261E-001
  2.1088949106E+002  2.7191090990E-001
  2.1106987670E+002  2.7311523240E-001
  2.1125026235E+002  2.7431387441E-001
  2.1143064799E+002  2.7550684041E-001
  2.1161103364E+002  2.7669413498E-001
  2.1179141929E+002  2.7787576284E-001
  2.1197180493E+002  2.7905172888E-001
  2.1215219058E+002  2.8022203810E-001
  2.1233257622E+002  2.8138669566E-001
  2.1251296187E+002  2.8254570687E-001
  2.1269334751E+002  2.8369907718E-001
  2.1287373316E+002  2.8484681221E-001
  2.1305411881E+002  2.8598891770E-001
  2.1323450445E+002  2.8712539958E-001
  2.1341489010E+002  2.8825626393E-001
  2.1359527574E+002  2.8938151697E-001
  2.1377566139E+002  2.9050116512E-001
  2.1395604703E+002  2.9161521493E-001
  2.1413643268E+002  2.9272367312E-001
  2.1431681832E+002  2.9382654661E-001
  2.1449720397E+002  2.9492384245E-001
  2.1467758962E+002  2.9601556789E-001
  2.1485797526E+002  2.9710173033E-001
  2.1503836091E+002  2.9818233737E-001
  2.1521874655E+002  2.9925739676E-001
  2.1539913220E+002  3.0032691645E-001
  2.1557951784E+002  3.0139090456E-001
  2.1575990349E+002  3.0244936939E-001
  2.1594028914E+002  3.0350231943E-001
  2.1612067478E+002  3.0454976334E-001
  2.1630106043E+002  3.0559170998E-001
  2.1648144607E+002  3.0662816839E-001
  2.1666183172E+002  3.0765914778E-001
  2.1684221736E+002  3.0868465758E-001
  2.1702260301E+002  3.0970470739E-001
  2.1720298866E+002  3.1071930700E-001
  2.1738337430E+002  3.1172846639E-001
  2.1756375995E+002  3.1273219574E-001
  2.1774414559E+002  3.1373050541E-001
  2.1792453124E+002  3.1472340596E-001
  2.1810491688E+002  3.1571090814E-001
  2.1828530253E+002  3.1669302291E-001
  2.1846568817E+002  3.1766976139E-001
  2.1864607382E+002  3.1864113491E-001
  2.1882645947E+002  3.1960715502E-001
  2.1900684511E+002  3.2056783342E-001
  2.1918723076E+002  3.2152318204E-001
  2.1936761640E+002  3.2247321299E-001
  2.1954800205E+002  3.2341793857E-001
  2.1972838769E+002  3.2435737127E-001
  2.1990877334E+002  3.2529152380E-001
  2.2008915899E+002  3.2622040904E-001
  2.2026954463E+002  3.2714404007E-001
  2.2044993028E+002  3.2806243016E-001
  2.2063031592E+002  3.2897559277E-001
  2.2081070157E+002  3.2988354157E-001
  2.2099108721E+002  3.3078629040E-001
  2.2117147286E+002  3.3168385330E-001
  2.2135185850E+002  3.3257624449E-001
  2.2153224415E+002  3.3346347838E-001
  2.2171262980E+002  3.3434556958E-001
  2.2189301544E+002  3.3522253288E-001
  2.2207340109E+002  3.3609438325E-001
  2.2225378673E+002  3.3696113584E-001
  2.2243417238E+002  3.3782280599E-001
  2.2261455802E+002  3.3867940922E-001
  2.2279494367E+002  3.3953096123E-001
  2.2297532932E+002  3.4037747790E-001
  2.2315571496E+002  3.4121897527E-001
  2.2333610061E+002  3.4205546958E-001
  2.2351648625E+002  3.4288697723E-001
  2.2369687190E+002  3.4371351479E-001
  2.2387725754E+002  3.4453509900E-001
  2.2405764319E+002  3.4535174676E-001
  2.2423802883E+002  3.4616347516E-001
  2.2441841448E+002  3.4697030144E-001
  2.2459880013E+002  3.4777224298E-001
  2.2477918577E+002  3.4856931735E-001
  2.2495957142E+002  3.4936154226E-001
  2.2513995706E+002  3.5014893559E-001
  2.2532034271E+002  3.5093151535E-001
  2.2550072835E+002  3.5170929972E-001
  2.2568111400E+002  3.5248230702E-001
  2.2586149965E+002  3.5325055572E-001
  2.2604188529E+002  3.5401406441E-001
  2.2622227094E+002  3.5477285185E-001
  2.2640265658E+002  3.5552693693E-001
  2.2658304223E+002  3.5627633866E-001
  2.2676342787E+002  3.5702107620E-001
  2.2694381352E+002  3.5776116883E-001
  2.2712419916E+002  3.5849663596E-001
  2.2730458481E+002  3.5922749711E-001
  2.2748497046E+002  3.5995377195E-001
  2.2766535610E+002  3.6067548025E-001
  2.2784574175E+002  3.6139264189E-001
  2.2802612739E+002  3.6210527686E-001
  2.2820651304E+002  3.6281340529E-001
  2.2838689868E+002  3.6351704739E-001
  2.2856728433E+002  3.6421622347E-001
  2.2874766998E+002  3.6491095395E-001
  2.2892805562E+002  3.6560125935E-001
  2.2910844127E+002  3.6628716029E-001
  2.2928882691E+002  3.6696867746E-001
  2.2946921256E+002  3.6764583166E-001
  2.2964959820E+002  3.6831864376E-001
  2.2982998385E+002  3.6898713472E-001
  2.3001036949E+002  3.6965132558E-001
  2.3019075514E+002  3.7031123744E-001
  2.3037114079E+002  3.7096689151E-001
  2.3055152643E+002  3.7161830903E-001
  2.3073191208E+002  3.7226551133E-001
  2.3091229772E+002  3.7290851979E-001
  2.3109268337E+002  3.7354735585E-001
  2.3127306901E+002  3.7418204103E-001
  2.3145345466E+002  3.7481259687E-001
  2.3163384031E+002  3.7543904499E-001
  2.3181422595E+002  3.7606140705E-001
  2.3199461160E+002  3.7667970474E-001
  2.3217499724E+002  3.7729395981E-001
  2.3235538289E+002  3.7790419404E-001
  2.3253576853E+002  3.7851042925E-001
  2.3271615418E+002  3.7911268728E-001
  2.3289653982E+002  3.7971099002E-001
  2.3307692547E+002  3.8030535938E-001
  2.3325731112E+002  3.8089581727E-001
  2.3343769676E+002  3.8148238567E-001
  2.3361808241E+002  3.8206508652E-001
  2.3379846805E+002  3.8264394182E-001
  2.3397885370E+002  3.8321897356E-001
  2.3415923934E+002  3.8379020374E-001
  2.3433962499E+002  3.8435765438E-001
  2.3452001064E+002  3.8492134748E-001
  2.3470039628E+002  3.8548130507E-001
  2.3488078193E+002  3.8603754915E-001
  2.3506116757E+002  3.8659010173E-001
  2.3524155322E+002  3.8713898482E-001
  2.3542193886E+002  3.8768422040E-001
  2.3560232451E+002  3.8822583044E-001
  2.3578271016E+002  3.8876383691E-001
  2.3596309580E+002  3.8929826175E-001
  2.3614348145E+002  3.8982912689E-001
  2.3632386709E+002  3.9035645422E-001
  2.3650425274E+002  3.9088026562E-001
  2.3668463838E+002  3.9140058293E-001
  2.3686502403E+002  3.9191742796E-001
  2.3704540967E+002  3.9243082251E-001
  2.3722579532E+002  3.9294078831E-001
  2.3740618097E+002  3.9344734709E-001
  2.3758656661E+002  3.9395052050E-001
  2.3776695226E+002  3.9445033017E-001
  2.3794733790E+002  3.9494679770E-001
  2.3812772355E+002  3.9543994463E-001
  2.3830810919E+002  3.9592979243E-001
  2.3848849484E+002  3.9641636255E-001
  2.3866888049E+002  3.9689967639E-001
  2.3884926613E+002  3.9737975527E-001
  2.3902965178E+002  3.9785662047E-001
  2.3921003742E+002  3.9833029321E-001
  2.3939042307E+002  3.9880079466E-001
  2.3957080871E+002  3.9926814591E-001
  2.3975119436E+002  3.9973236799E-001
  2.3993158000E+002  4.0019348187E-001
  2.4011196565E+002  4.0065150847E-001
  2.4029235130E+002  4.0110646861E-001
  2.4047273694E+002  4.0155838305E-001
  2.4065312259E+002  4.0200727250E-001
  2.4083350823E+002  4.0245315756E-001
  2.4101389388E+002  4.0289605879E-001
  2.4119427952E+002  4.0333599665E-001
  2.4137466517E+002  4.0377299154E-001
  2.4155505082E+002  4.0420706377E-001
  2.4173543646E+002  4.0463823356E-001
  2.4191582211E+002  4.0506652108E-001
  2.4209620775E+002  4.0549194639E-001
  2.4227659340E+002  4.0591452947E-001
  2.4245697904E+002  4.0633429023E-001
  2.4263736469E+002  4.0675124847E-001
  2.4281775033E+002  4.0716542392E-001
  2.4299813598E+002  4.0757683623E-001
  2.4317852163E+002  4.0798550493E-001
  2.4335890727E+002  4.0839144949E-001
  2.4353929292E+002  4.0879468926E-001
  2.4371967856E+002  4.0919524354E-001
  2.4390006421E+002  4.0959313149E-001
  2.4408044985E+002  4.0998837221E-001
  2.4426083550E+002  4.1038098468E-001
  2.4444122115E+002  4.1077098780E-001
  2.4462160679E+002  4.1115840038E-001
  2.4480199244E+002  4.1154324111E-001
  2.4498237808E+002  4.1192552861E-001
  2.4516276373E+002  4.1230528138E-001
  2.4534314937E+002  4.1268251782E-001
  2.4552353502E+002  4.1305725626E-001
  2.4570392066E+002  4.1342951489E-001
  2.4588430631E+002  4.1379931183E-001
  2.4606469196E+002  4.1416666508E-001
  2.4624507760E+002  4.1453159255E-001
  2.4642546325E+002  4.1489411205E-001
  2.4660584889E+002  4.1525424127E-001
  2.4678623454E+002  4.1561199781E-001
  2.4696662018E+002  4.1596739918E-001
  2.4714700583E+002  4.1632046276E-001
  2.4732739148E+002  4.1667120584E-001
  2.4750777712E+002  4.1701964562E-001
  2.4768816277E+002  4.1736579916E-001
  2.4786854841E+002  4.1770968344E-001
  2.4804893406E+002  4.1805131535E-001
  2.4822931970E+002  4.1839071164E-001
  2.4840970535E+002  4.1872788898E-001
  2.4859009099E+002  4.1906286393E-001
  2.4877047664E+002  4.1939565293E-001
  2.4895086229E+002  4.1972627235E-001
  2.4913124793E+002  4.2005473841E-001
  2.4931163358E+002  4.2038106726E-001
  2.4949201922E+002  4.2070527492E-001
  2.4967240487E+002  4.2102737733E-001
  2.4985279051E+002  4.2134739031E-001
  2.5003317616E+002  4.2166532957E-001
  2.5021356181E+002  4.2198121072E-001
  2.5039394745E+002  4.2229504928E-001
  2.5057433310E+002  4.2260686063E-001
  2.5075471874E+002  4.2291666009E-001
  2.5093510439E+002  4.2322446283E-001
  2.5111549003E+002  4.2353028396E-001
  2.5129587568E+002  4.2383413844E-001
  2.5147626133E+002  4.2413604117E-001
  2.5165664697E+002  4.2443600691E-001
  2.5183703262E+002  4.2473405035E-001
  2.5201741826E+002  4.2503018604E-001
  2.5219780391E+002  4.2532442845E-001
  2.5237818955E+002  4.2561679195E-001
  2.5255857520E+002  4.2590729079E-001
  2.5273896084E+002  4.2619593913E-001
  2.5291934649E+002  4.2648275102E-001
  2.5309973214E+002  4.2676774043E-001
  2.5328011778E+002  4.2705092120E-001
  2.5346050343E+002  4.2733230708E-001
  2.5364088907E+002  4.2761191173E-001
  2.5382127472E+002  4.2788974868E-001
  2.5400166036E+002  4.2816583140E-001
  2.5418204601E+002  4.2844017324E-001
  2.5436243166E+002  4.2871278743E-001
  2.5454281730E+002  4.2898368714E-001
  2.5472320295E+002  4.2925288542E-001
  2.5490358859E+002  4.2952039522E-001
  2.5508397424E+002  4.2978622940E-001
  2.5526435988E+002  4.3005040073E-001
  2.5544474553E+002  4.3031292186E-001
  2.5562513117E+002  4.3057380536E-001
  2.5580551682E+002  4.3083306371E-001
  2.5598590247E+002  4.3109070928E-001
  2.5616628811E+002  4.3134675435E-001
  2.5634667376E+002  4.3160121112E-001
  2.5652705940E+002  4.3185409166E-001
  2.5670744505E+002  4.3210540798E-001
  2.5688783069E+002  4.3235517199E-001
  2.5706821634E+002  4.3260339550E-001
  2.5724860199E+002  4.3285009023E-001
  2.5742898763E+002  4.3309526782E-001
  2.5760937328E+002  4.3333893979E-001
  2.5778975892E+002  4.3358111761E-001
  2.5797014457E+002  4.3382181262E-001
  2.5815053021E+002  4.3406103609E-001
  2.5833091586E+002  4.3429879922E-001
  2.5851130150E+002  4.3453511307E-001
  2.5869168715E+002  4.3476998867E-001
  2.5887207280E+002  4.3500343693E-001
  2.5905245844E+002  4.3523546867E-001
  2.5923284409E+002  4.3546609464E-001
  2.5941322973E+002  4.3569532550E-001
  2.5959361538E+002  4.3592317181E-001
  2.5977400102E+002  4.3614964406E-001
  2.5995438667E+002  4.3637475266E-001
  2.6013477232E+002  4.3659850793E-001
  2.6031515796E+002  4.3682092010E-001
  2.6049554361E+002  4.3704199932E-001
  2.6067592925E+002  4.3726175567E-001
  2.6085631490E+002  4.3748019913E-001
  2.6103670054E+002  4.3769733962E-001
  2.6121708619E+002  4.3791318696E-001
  2.6139747183E+002  4.3812775090E-001
  2.6157785748E+002  4.3834104112E-001
  2.6175824313E+002  4.3855306720E-001
  2.6193862877E+002  4.3876383865E-001
  2.6211901442E+002  4.3897336491E-001
  2.6229940006E+002  4.3918165534E-001
  2.6247978571E+002  4.3938871922E-001
  2.6266017135E+002  4.3959456576E-001
  2.6284055700E+002  4.3979920408E-001
  2.6302094265E+002  4.4000264324E-001
  2.6320132829E+002  4.4020489222E-001
  2.6338171394E+002  4.4040595992E-001
  2.6356209958E+002  4.4060585519E-001
  2.6374248523E+002  4.4080458678E-001
  2.6392287087E+002  4.4100216338E-001
  2.6410325652E+002  4.4119859361E-001
  2.6428364216E+002  4.4139388601E-001
  2.6446402781E+002  4.4158804907E-001
  2.6464441346E+002  4.4178109117E-001
  2.6482479910E+002  4.4197302067E-001
  2.6500518475E+002  4.4216384583E-001
  2.6518557039E+002  4.4235357485E-001
  2.6536595604E+002  4.4254221585E-001
  2.6554634168E+002  4.4272977691E-001
  2.6572672733E+002  4.4291626602E-001
  2.6590711298E+002  4.4310169110E-001
  2.6608749862E+002  4.4328606003E-001
  2.6626788427E+002  4.4346938060E-001
  2.6644826991E+002  4.4365166055E-001
  2.6662865556E+002  4.4383290754E-001
  2.6680904120E+002  4.4401312919E-001
  2.6698942685E+002  4.4419233304E-001
  2.6716981250E+002  4.4437052657E-001
  2.6735019814E+002  4.4454771719E-001
  2.6753058379E+002  4.4472391227E-001
  2.6771096943E+002  4.4489911910E-001
  2.6789135508E+002  4.4507334491E-001
  2.6807174072E+002  4.4524659688E-001
  2.6825212637E+002  4.4541888212E-001
  2.6843251201E+002  4.4559020770E-001
  2.6861289766E+002  4.4576058060E-001
  2.6879328331E+002  4.4593000777E-001
  2.6897366895E+002  4.4609849608E-001
  2.6915405460E+002  4.4626605237E-001
  2.6933444024E+002  4.4643268339E-001
  2.6951482589E+002  4.4659839586E-001
  2.6969521153E+002  4.4676319644E-001
  2.6987559718E+002  4.4692709171E-001
  2.7005598283E+002  4.4709008823E-001
  2.7023636847E+002  4.4725219249E-001
  2.7041675412E+002  4.4741341093E-001
  2.7059713976E+002  4.4757374991E-001
  2.7077752541E+002  4.4773321579E-001
  2.7095791105E+002  4.4789181482E-001
  2.7113829670E+002  4.4804955324E-001
  2.7131868234E+002  4.4820643721E-001
  2.7149906799E+002  4.4836247287E-001
  2.7167945364E+002  4.4851766627E-001
  2.7185983928E+002  4.4867202344E-001
  2.7204022493E+002  4.4882555036E-001
  2.7222061057E+002  4.4897825293E-001
  2.7240099622E+002  4.4913013703E-001
  2.7258138186E+002  4.4928120849E-001
  2.7276176751E+002  4.4943147307E-001
  2.7294215316E+002  4.4958093651E-001
  2.7312253880E+002  4.4972960448E-001
  2.7330292445E+002  4.4987748261E-001
  2.7348331009E+002  4.5002457650E-001
  2.7366369574E+002  4.5017089167E-001
  2.7384408138E+002  4.5031643362E-001
  2.7402446703E+002  4.5046120780E-001
  2.7420485267E+002  4.5060521961E-001
  2.7438523832E+002  4.5074847440E-001
  2.7456562397E+002  4.5089097750E-001
  2.7474600961E+002  4.5103273417E-001
  2.7492639526E+002  4.5117374964E-001
  2.7510678090E+002  4.5131402908E-001
  2.7528716655E+002  4.5145357765E-001
  2.7546755219E+002  4.5159240043E-001
  2.7564793784E+002  4.5173050248E-001
  2.7582832349E+002  4.5186788882E-001
  2.7600870913E+002  4.5200456442E-001
  2.7618909478E+002  4.5214053421E-001
  2.7636948042E+002  4.5227580309E-001
  2.7654986607E+002  4.5241037589E-001
  2.7673025171E+002  4.5254425745E-001
  2.7691063736E+002  4.5267745251E-001
  2.7709102300E+002  4.5280996583E-001
  2.7727140865E+002  4.5294180209E-001
  2.7745179430E+002  4.5307296595E-001
  2.7763217994E+002  4.5320346202E-001
  2.7781256559E+002  4.5333329489E-001
  2.7799295123E+002  4.5346246909E-001
  2.7817333688E+002  4.5359098914E-001
  2.7835372252E+002  4.5371885949E-001
  2.7853410817E+002  4.5384608459E-001
  2.7871449382E+002  4.5397266882E-001
  2.7889487946E+002  4.5409861655E-001
  2.7907526511E+002  4.5422393210E-001
  2.7925565075E+002  4.5434861977E-001
  2.7943603640E+002  4.5447268379E-001
  2.7961642204E+002  4.5459612840E-001
  2.7979680769E+002  4.5471895777E-001
  2.7997719333E+002  4.5484117607E-001
  2.8015757898E+002  4.5496278741E-001
  2.8033796463E+002  4.5508379586E-001
  2.8051835027E+002  4.5520420550E-001
  2.8069873592E+002  4.5532402032E-001
  2.8087912156E+002  4.5544324432E-001
  2.8105950721E+002  4.5556188146E-001
  2.8123989285E+002  4.5567993565E-001
  2.8142027850E+002  4.5579741078E-001
  2.8160066415E+002  4.5591431072E-001
  2.8178104979E+002  4.5603063929E-001
  2.8196143544E+002  4.5614640029E-001
  2.8214182108E+002  4.5626159749E-001
  2.8232220673E+002  4.5637623463E-001
  2.8250259237E+002  4.5649031540E-001
  2.8268297802E+002  4.5660384349E-001
  2.8286336366E+002  4.5671682254E-001
  2.8304374931E+002  4.5682925618E-001
  2.8322413496E+002  4.5694114798E-001
  2.8340452060E+002  4.5705250153E-001
  2.8358490625E+002  4.5716332034E-001
  2.8376529189E+002  4.5727360791E-001
  2.8394567754E+002  4.5738336774E-001
  2.8412606318E+002  4.5749260326E-001
  2.8430644883E+002  4.5760131790E-001
  2.8448683448E+002  4.5770951505E-001
  2.8466722012E+002  4.5781719807E-001
  2.8484760577E+002  4.5792437032E-001
  2.8502799141E+002  4.5803103510E-001
  2.8520837706E+002  4.5813719570E-001
  2.8538876270E+002  4.5824285538E-001
  2.8556914835E+002  4.5834801739E-001
  2.8574953400E+002  4.5845268493E-001
  2.8592991964E+002  4.5855686118E-001
  2.8611030529E+002  4.5866054931E-001
  2.8629069093E+002  4.5876375245E-001
  2.8647107658E+002  4.5886647371E-001
  2.8665146222E+002  4.5896871619E-001
  2.8683184787E+002  4.5907048293E-001
  2.8701223351E+002  4.5917177699E-001
  2.8719261916E+002  4.5927260138E-001
  2.8737300481E+002  4.5937295908E-001
  2.8755339045E+002  4.5947285307E-001
  2.8773377610E+002  4.5957228629E-001
  2.8791416174E+002  4.5967126165E-001
  2.8809454739E+002  4.5976978207E-001
  2.8827493303E+002  4.5986785042E-001
  2.8845531868E+002  4.5996546955E-001
  2.8863570433E+002  4.6006264229E-001
  2.8881608997E+002  4.6015937146E-001
  2.8899647562E+002  4.6025565984E-001
  2.8917686126E+002  4.6035151019E-001
  2.8935724691E+002  4.6044692528E-001
  2.8953763255E+002  4.6054190781E-001
  2.8971801820E+002  4.6063646049E-001
  2.8989840384E+002  4.6073058601E-001
  2.9007878949E+002  4.6082428703E-001
  2.9025917514E+002  4.6091756618E-001
  2.9043956078E+002  4.6101042610E-001
  2.9061994643E+002  4.6110286937E-001
  2.9080033207E+002  4.6119489859E-001
  2.9098071772E+002  4.6128651631E-001
  2.9116110336E+002  4.6137772508E-001
  2.9134148901E+002  4.6146852742E-001
  2.9152187466E+002  4.6155892583E-001
  2.9170226030E+002  4.6164892279E-001
  2.9188264595E+002  4.6173852078E-001
  2.9206303159E+002  4.6182772224E-001
  2.9224341724E+002  4.6191652959E-001
  2.9242380288E+002  4.6200494525E-001
  2.9260418853E+002  4.6209297161E-001
  2.9278457417E+002  4.6218061104E-001
  2.9296495982E+002  4.6226786589E-001
  2.9314534547E+002  4.6235473851E-001
  2.9332573111E+002  4.6244123122E-001
  2.9350611676E+002  4.6252734631E-001
  2.9368650240E+002  4.6261308608E-001
  2.9386688805E+002  4.6269845279E-001
  2.9404727369E+002  4.6278344870E-001
  2.9422765934E+002  4.6286807603E-001
  2.9440804499E+002  4.6295233700E-001
  2.9458843063E+002  4.6303623382E-001
  2.9476881628E+002  4.6311976868E-001
  2.9494920192E+002  4.6320294373E-001
  2.9512958757E+002  4.6328576114E-001
  2.9530997321E+002  4.6336822303E-001
  2.9549035886E+002  4.6345033153E-001
  2.9567074450E+002  4.6353208875E-001
  2.9585113015E+002  4.6361349677E-001
  2.9603151580E+002  4.6369455766E-001
  2.9621190144E+002  4.6377527349E-001
  2.9639228709E+002  4.6385564630E-001
  2.9657267273E+002  4.6393567811E-001
  2.9675305838E+002  4.6401537094E-001
  2.9693344402E+002  4.6409472679E-001
  2.9711382967E+002  4.6417374764E-001
  2.9729421532E+002  4.6425243545E-001
  2.9747460096E+002  4.6433079220E-001
  2.9765498661E+002  4.6440881981E-001
  2.9783537225E+002  4.6448652021E-001
  2.9801575790E+002  4.6456389531E-001
  2.9819614354E+002  4.6464094701E-001
  2.9837652919E+002  4.6471767720E-001
  2.9855691483E+002  4.6479408775E-001
  2.9873730048E+002  4.6487018050E-001
  2.9891768613E+002  4.6494595732E-001
  2.9909807177E+002  4.6502142002E-001
  2.9927845742E+002  4.6509657043E-001
  2.9945884306E+002  4.6517141034E-001
  2.9963922871E+002  4.6524594155E-001
  2.9981961435E+002  4.6532016584E-001
  3.0000000000E+002  4.6539408497E-001
